unitid,Total,Men,Women,Group
100654,1222,524,698,Incoming cohort (minus exclusions)
100654,343,120,223,Completers within 150% of normal time
100663,1587,623,964,Incoming cohort (minus exclusions)
100663,991,360,631,Completers within 150% of normal time
100690,6,3,3,Incoming cohort (minus exclusions)
100690,4,2,2,Completers within 150% of normal time
100706,1026,615,411,Incoming cohort (minus exclusions)
100706,623,343,280,Completers within 150% of normal time
100724,1006,394,612,Incoming cohort (minus exclusions)
100724,286,91,195,Completers within 150% of normal time
100751,7169,3000,4169,Incoming cohort (minus exclusions)
100751,5178,2103,3075,Completers within 150% of normal time
100830,566,210,356,Incoming cohort (minus exclusions)
100830,202,70,132,Completers within 150% of normal time
100858,4848,2273,2575,Incoming cohort (minus exclusions)
100858,3921,1757,2164,Completers within 150% of normal time
100937,441,220,221,Incoming cohort (minus exclusions)
100937,308,140,168,Completers within 150% of normal time
101116,22,3,19,Incoming cohort (minus exclusions)
101116,3,0,3,Completers within 150% of normal time
101189,277,160,117,Incoming cohort (minus exclusions)
101189,50,26,24,Completers within 150% of normal time
101435,251,148,103,Incoming cohort (minus exclusions)
101435,111,57,54,Completers within 150% of normal time
101480,1021,475,546,Incoming cohort (minus exclusions)
101480,507,201,306,Completers within 150% of normal time
101587,369,193,176,Incoming cohort (minus exclusions)
101587,137,58,79,Completers within 150% of normal time
101675,423,228,195,Incoming cohort (minus exclusions)
101675,101,38,63,Completers within 150% of normal time
101693,282,108,174,Incoming cohort (minus exclusions)
101693,145,47,98,Completers within 150% of normal time
101709,501,155,346,Incoming cohort (minus exclusions)
101709,259,72,187,Completers within 150% of normal time
101879,1156,475,681,Incoming cohort (minus exclusions)
101879,592,223,369,Completers within 150% of normal time
101912,335,142,193,Incoming cohort (minus exclusions)
101912,166,59,107,Completers within 150% of normal time
102049,825,288,537,Incoming cohort (minus exclusions)
102049,651,213,438,Completers within 150% of normal time
102058,139,75,64,Incoming cohort (minus exclusions)
102058,10,4,6,Completers within 150% of normal time
102094,2082,892,1190,Incoming cohort (minus exclusions)
102094,987,352,635,Completers within 150% of normal time
102234,415,166,249,Incoming cohort (minus exclusions)
102234,234,90,144,Completers within 150% of normal time
102270,232,136,96,Incoming cohort (minus exclusions)
102270,34,11,23,Completers within 150% of normal time
102298,236,132,104,Incoming cohort (minus exclusions)
102298,58,23,35,Completers within 150% of normal time
102368,1671,700,971,Incoming cohort (minus exclusions)
102368,872,303,569,Completers within 150% of normal time
102377,577,208,369,Incoming cohort (minus exclusions)
102377,331,108,223,Completers within 150% of normal time
102553,950,420,530,Incoming cohort (minus exclusions)
102553,327,138,189,Completers within 150% of normal time
102580,3,2,1,Incoming cohort (minus exclusions)
102580,1,1,0,Completers within 150% of normal time
102614,448,242,206,Incoming cohort (minus exclusions)
102614,215,121,94,Completers within 150% of normal time
102632,70,20,50,Incoming cohort (minus exclusions)
102632,24,7,17,Completers within 150% of normal time
102669,36,16,20,Incoming cohort (minus exclusions)
102669,8,4,4,Completers within 150% of normal time
104090,10,3,7,Incoming cohort (minus exclusions)
104090,2,0,2,Completers within 150% of normal time
104151,11270,6050,5220,Incoming cohort (minus exclusions)
104151,7440,3809,3631,Completers within 150% of normal time
104179,6961,3365,3596,Incoming cohort (minus exclusions)
104179,4479,2003,2476,Completers within 150% of normal time
104586,578,436,142,Incoming cohort (minus exclusions)
104586,404,298,106,Completers within 150% of normal time
104717,2452,966,1486,Incoming cohort (minus exclusions)
104717,1097,430,667,Completers within 150% of normal time
105330,4659,1724,2935,Incoming cohort (minus exclusions)
105330,2749,891,1858,Completers within 150% of normal time
105589,35,15,20,Incoming cohort (minus exclusions)
105589,14,7,7,Completers within 150% of normal time
105899,120,85,35,Incoming cohort (minus exclusions)
105899,43,22,21,Completers within 150% of normal time
106245,792,334,458,Incoming cohort (minus exclusions)
106245,312,109,203,Completers within 150% of normal time
106342,213,123,90,Incoming cohort (minus exclusions)
106342,97,49,48,Completers within 150% of normal time
106397,4862,2217,2645,Incoming cohort (minus exclusions)
106397,3388,1467,1921,Completers within 150% of normal time
106412,670,296,374,Incoming cohort (minus exclusions)
106412,273,93,180,Completers within 150% of normal time
106458,1514,697,817,Incoming cohort (minus exclusions)
106458,817,333,484,Completers within 150% of normal time
106467,1647,816,831,Incoming cohort (minus exclusions)
106467,795,387,408,Completers within 150% of normal time
106485,372,202,170,Incoming cohort (minus exclusions)
106485,115,57,58,Completers within 150% of normal time
106704,1986,754,1232,Incoming cohort (minus exclusions)
106704,981,338,643,Completers within 150% of normal time
106713,71,32,39,Incoming cohort (minus exclusions)
106713,30,11,19,Completers within 150% of normal time
106810,14,6,8,Incoming cohort (minus exclusions)
106810,4,1,3,Completers within 150% of normal time
107044,990,456,534,Incoming cohort (minus exclusions)
107044,665,293,372,Completers within 150% of normal time
107071,758,346,412,Incoming cohort (minus exclusions)
107071,282,107,175,Completers within 150% of normal time
107080,391,191,200,Incoming cohort (minus exclusions)
107080,285,134,151,Completers within 150% of normal time
107141,358,148,210,Incoming cohort (minus exclusions)
107141,252,94,158,Completers within 150% of normal time
107512,402,201,201,Incoming cohort (minus exclusions)
107512,267,126,141,Completers within 150% of normal time
107558,209,100,109,Incoming cohort (minus exclusions)
107558,102,51,51,Completers within 150% of normal time
107600,170,75,95,Incoming cohort (minus exclusions)
107600,48,20,28,Completers within 150% of normal time
107877,126,71,55,Incoming cohort (minus exclusions)
107877,40,24,16,Completers within 150% of normal time
107983,779,346,433,Incoming cohort (minus exclusions)
107983,312,121,191,Completers within 150% of normal time
108092,1027,470,557,Incoming cohort (minus exclusions)
108092,270,90,180,Completers within 150% of normal time
108232,575,242,333,Incoming cohort (minus exclusions)
108232,220,76,144,Completers within 150% of normal time
109651,174,63,111,Incoming cohort (minus exclusions)
109651,132,42,90,Completers within 150% of normal time
109785,1190,389,801,Incoming cohort (minus exclusions)
109785,851,251,600,Completers within 150% of normal time
110060,59,34,25,Incoming cohort (minus exclusions)
110060,9,6,3,Completers within 150% of normal time
110097,825,262,563,Incoming cohort (minus exclusions)
110097,577,176,401,Completers within 150% of normal time
110219,73,39,34,Incoming cohort (minus exclusions)
110219,20,12,8,Completers within 150% of normal time
110361,1075,433,642,Incoming cohort (minus exclusions)
110361,610,235,375,Completers within 150% of normal time
110370,240,87,153,Incoming cohort (minus exclusions)
110370,157,53,104,Completers within 150% of normal time
110404,240,129,111,Incoming cohort (minus exclusions)
110404,223,118,105,Completers within 150% of normal time
110413,595,226,369,Incoming cohort (minus exclusions)
110413,439,154,285,Completers within 150% of normal time
110422,4928,2457,2471,Incoming cohort (minus exclusions)
110422,4208,2019,2189,Completers within 150% of normal time
110468,11,3,8,Incoming cohort (minus exclusions)
110468,1,1,0,Completers within 150% of normal time
110486,1453,571,882,Incoming cohort (minus exclusions)
110486,691,237,454,Completers within 150% of normal time
110495,1220,407,813,Incoming cohort (minus exclusions)
110495,703,212,491,Completers within 150% of normal time
110510,2944,1166,1778,Incoming cohort (minus exclusions)
110510,1677,606,1071,Completers within 150% of normal time
110529,2656,1355,1301,Incoming cohort (minus exclusions)
110529,1864,903,961,Completers within 150% of normal time
110538,2665,1147,1518,Incoming cohort (minus exclusions)
110538,1742,694,1048,Completers within 150% of normal time
110547,1266,452,814,Incoming cohort (minus exclusions)
110547,665,232,433,Completers within 150% of normal time
110556,3537,1421,2116,Incoming cohort (minus exclusions)
110556,2001,722,1279,Completers within 150% of normal time
110565,4287,1873,2414,Incoming cohort (minus exclusions)
110565,3064,1241,1823,Completers within 150% of normal time
110574,1730,640,1090,Incoming cohort (minus exclusions)
110574,838,279,559,Completers within 150% of normal time
110583,4399,1808,2591,Incoming cohort (minus exclusions)
110583,3320,1293,2027,Completers within 150% of normal time
110592,3688,1510,2178,Incoming cohort (minus exclusions)
110592,1914,712,1202,Completers within 150% of normal time
110608,5517,2479,3038,Incoming cohort (minus exclusions)
110608,2990,1168,1822,Completers within 150% of normal time
110617,3648,1548,2100,Incoming cohort (minus exclusions)
110617,2096,795,1301,Completers within 150% of normal time
110635,5510,2655,2855,Incoming cohort (minus exclusions)
110635,5114,2439,2675,Completers within 150% of normal time
110644,5323,1962,3361,Incoming cohort (minus exclusions)
110644,4628,1650,2978,Completers within 150% of normal time
110653,5737,2522,3215,Incoming cohort (minus exclusions)
110653,4800,2027,2773,Completers within 150% of normal time
110662,5667,2375,3292,Incoming cohort (minus exclusions)
110662,5221,2146,3075,Completers within 150% of normal time
110671,4017,1830,2187,Incoming cohort (minus exclusions)
110671,3071,1363,1708,Completers within 150% of normal time
110680,5286,2708,2578,Incoming cohort (minus exclusions)
110680,4723,2359,2364,Completers within 150% of normal time
110705,4459,1973,2486,Incoming cohort (minus exclusions)
110705,3807,1608,2199,Completers within 150% of normal time
110714,3605,1722,1883,Incoming cohort (minus exclusions)
110714,2815,1311,1504,Completers within 150% of normal time
111045,4,2,2,Incoming cohort (minus exclusions)
111045,4,2,2,Completers within 150% of normal time
111081,171,60,111,Incoming cohort (minus exclusions)
111081,123,40,83,Completers within 150% of normal time
111188,220,187,33,Incoming cohort (minus exclusions)
111188,150,123,27,Completers within 150% of normal time
111948,1396,520,876,Incoming cohort (minus exclusions)
111948,1113,392,721,Completers within 150% of normal time
112075,334,110,224,Incoming cohort (minus exclusions)
112075,227,74,153,Completers within 150% of normal time
112084,72,40,32,Incoming cohort (minus exclusions)
112084,35,21,14,Completers within 150% of normal time
112260,343,176,167,Incoming cohort (minus exclusions)
112260,318,161,157,Completers within 150% of normal time
112394,107,75,32,Incoming cohort (minus exclusions)
112394,47,32,15,Completers within 150% of normal time
112570,77,43,34,Incoming cohort (minus exclusions)
112570,41,21,20,Completers within 150% of normal time
113582,6,0,6,Incoming cohort (minus exclusions)
113582,3,0,3,Completers within 150% of normal time
113698,252,81,171,Incoming cohort (minus exclusions)
113698,195,58,137,Completers within 150% of normal time
114813,164,56,108,Incoming cohort (minus exclusions)
114813,111,31,80,Completers within 150% of normal time
115409,214,114,100,Incoming cohort (minus exclusions)
115409,202,106,96,Completers within 150% of normal time
115728,119,33,86,Incoming cohort (minus exclusions)
115728,69,17,52,Completers within 150% of normal time
115755,1400,530,870,Incoming cohort (minus exclusions)
115755,665,235,430,Completers within 150% of normal time
115773,2,0,2,Incoming cohort (minus exclusions)
115773,2,0,2,Completers within 150% of normal time
116226,5,1,4,Incoming cohort (minus exclusions)
116226,3,1,2,Completers within 150% of normal time
116846,8,4,4,Incoming cohort (minus exclusions)
116846,4,2,2,Completers within 150% of normal time
117104,72,33,39,Incoming cohort (minus exclusions)
117104,37,19,18,Completers within 150% of normal time
117140,718,271,447,Incoming cohort (minus exclusions)
117140,498,177,321,Completers within 150% of normal time
117168,81,21,60,Incoming cohort (minus exclusions)
117168,57,16,41,Completers within 150% of normal time
117557,33,27,6,Incoming cohort (minus exclusions)
117557,24,20,4,Completers within 150% of normal time
117627,258,95,163,Incoming cohort (minus exclusions)
117627,148,56,92,Completers within 150% of normal time
117672,1,0,1,Incoming cohort (minus exclusions)
117672,1,0,1,Completers within 150% of normal time
117751,201,101,100,Incoming cohort (minus exclusions)
117751,144,76,68,Completers within 150% of normal time
117946,1352,604,748,Incoming cohort (minus exclusions)
117946,1065,471,594,Completers within 150% of normal time
118541,256,109,147,Incoming cohort (minus exclusions)
118541,101,31,70,Completers within 150% of normal time
118693,151,85,66,Incoming cohort (minus exclusions)
118693,83,41,42,Completers within 150% of normal time
118888,133,0,133,Incoming cohort (minus exclusions)
118888,83,0,83,Completers within 150% of normal time
119173,291,19,272,Incoming cohort (minus exclusions)
119173,183,9,174,Completers within 150% of normal time
119270,19,15,4,Incoming cohort (minus exclusions)
119270,13,10,3,Completers within 150% of normal time
119605,28,15,13,Incoming cohort (minus exclusions)
119605,13,7,6,Completers within 150% of normal time
119775,54,33,21,Incoming cohort (minus exclusions)
119775,29,15,14,Completers within 150% of normal time
120166,15,8,7,Incoming cohort (minus exclusions)
120166,4,1,3,Completers within 150% of normal time
120184,171,46,125,Incoming cohort (minus exclusions)
120184,93,22,71,Completers within 150% of normal time
120254,515,211,304,Incoming cohort (minus exclusions)
120254,427,177,250,Completers within 150% of normal time
120403,191,67,124,Incoming cohort (minus exclusions)
120403,131,40,91,Completers within 150% of normal time
120537,112,44,68,Incoming cohort (minus exclusions)
120537,47,13,34,Completers within 150% of normal time
120838,4,4,0,Incoming cohort (minus exclusions)
120838,3,3,0,Completers within 150% of normal time
120865,171,77,94,Incoming cohort (minus exclusions)
120865,76,28,48,Completers within 150% of normal time
120883,934,412,522,Incoming cohort (minus exclusions)
120883,649,256,393,Completers within 150% of normal time
121150,745,305,440,Incoming cohort (minus exclusions)
121150,618,237,381,Completers within 150% of normal time
121257,267,118,149,Incoming cohort (minus exclusions)
121257,236,100,136,Completers within 150% of normal time
121309,598,206,392,Incoming cohort (minus exclusions)
121309,435,140,295,Completers within 150% of normal time
121345,399,191,208,Incoming cohort (minus exclusions)
121345,371,176,195,Completers within 150% of normal time
121691,523,230,293,Incoming cohort (minus exclusions)
121691,363,148,215,Completers within 150% of normal time
122409,4955,2238,2717,Incoming cohort (minus exclusions)
122409,3773,1603,2170,Completers within 150% of normal time
122436,1101,468,633,Incoming cohort (minus exclusions)
122436,881,375,506,Completers within 150% of normal time
122454,85,35,50,Incoming cohort (minus exclusions)
122454,27,13,14,Completers within 150% of normal time
122506,34,21,13,Incoming cohort (minus exclusions)
122506,24,13,11,Completers within 150% of normal time
122597,4081,1579,2502,Incoming cohort (minus exclusions)
122597,2192,781,1411,Completers within 150% of normal time
122612,1263,422,841,Incoming cohort (minus exclusions)
122612,955,304,651,Completers within 150% of normal time
122728,145,53,92,Incoming cohort (minus exclusions)
122728,87,23,64,Completers within 150% of normal time
122755,3329,1776,1553,Incoming cohort (minus exclusions)
122755,2290,1147,1143,Completers within 150% of normal time
122931,1260,657,603,Incoming cohort (minus exclusions)
122931,1145,584,561,Completers within 150% of normal time
123165,277,0,277,Incoming cohort (minus exclusions)
123165,228,0,228,Completers within 150% of normal time
123457,66,27,39,Incoming cohort (minus exclusions)
123457,30,10,20,Completers within 150% of normal time
123554,650,246,404,Incoming cohort (minus exclusions)
123554,475,165,310,Completers within 150% of normal time
123572,1866,662,1204,Incoming cohort (minus exclusions)
123572,1118,336,782,Completers within 150% of normal time
123651,371,124,247,Incoming cohort (minus exclusions)
123651,228,75,153,Completers within 150% of normal time
123952,29,19,10,Incoming cohort (minus exclusions)
123952,21,14,7,Completers within 150% of normal time
123961,2943,1379,1564,Incoming cohort (minus exclusions)
123961,2708,1249,1459,Completers within 150% of normal time
124292,78,37,41,Incoming cohort (minus exclusions)
124292,67,31,36,Completers within 150% of normal time
124487,2,0,2,Incoming cohort (minus exclusions)
124487,1,0,1,Completers within 150% of normal time
125727,339,142,197,Incoming cohort (minus exclusions)
125727,249,100,149,Completers within 150% of normal time
125763,445,189,256,Incoming cohort (minus exclusions)
125763,283,103,180,Completers within 150% of normal time
125897,115,49,66,Incoming cohort (minus exclusions)
125897,68,30,38,Completers within 150% of normal time
126076,60,60,0,Incoming cohort (minus exclusions)
126076,15,15,0,Completers within 150% of normal time
126182,364,193,171,Incoming cohort (minus exclusions)
126182,122,49,73,Completers within 150% of normal time
126562,1278,529,749,Incoming cohort (minus exclusions)
126562,614,227,387,Completers within 150% of normal time
126580,1579,822,757,Incoming cohort (minus exclusions)
126580,697,331,366,Completers within 150% of normal time
126614,6163,3292,2871,Incoming cohort (minus exclusions)
126614,4563,2320,2243,Completers within 150% of normal time
126669,350,125,225,Incoming cohort (minus exclusions)
126669,204,68,136,Completers within 150% of normal time
126678,582,258,324,Incoming cohort (minus exclusions)
126678,499,218,281,Completers within 150% of normal time
126711,35,21,14,Incoming cohort (minus exclusions)
126711,5,2,3,Completers within 150% of normal time
126775,1003,685,318,Incoming cohort (minus exclusions)
126775,835,568,267,Completers within 150% of normal time
126818,4618,2149,2469,Incoming cohort (minus exclusions)
126818,3192,1428,1764,Completers within 150% of normal time
126827,696,365,331,Incoming cohort (minus exclusions)
126827,147,85,62,Completers within 150% of normal time
127060,1415,631,784,Incoming cohort (minus exclusions)
127060,1071,444,627,Completers within 150% of normal time
127185,808,382,426,Incoming cohort (minus exclusions)
127185,356,159,197,Completers within 150% of normal time
127556,1193,535,658,Incoming cohort (minus exclusions)
127556,557,207,350,Completers within 150% of normal time
127565,1576,776,800,Incoming cohort (minus exclusions)
127565,469,207,262,Completers within 150% of normal time
127653,38,14,24,Incoming cohort (minus exclusions)
127653,13,5,8,Completers within 150% of normal time
127741,2021,732,1289,Incoming cohort (minus exclusions)
127741,1049,353,696,Completers within 150% of normal time
127918,534,168,366,Incoming cohort (minus exclusions)
127918,333,93,240,Completers within 150% of normal time
127945,76,23,53,Incoming cohort (minus exclusions)
127945,33,8,25,Completers within 150% of normal time
128106,765,361,404,Incoming cohort (minus exclusions)
128106,295,124,171,Completers within 150% of normal time
128328,1150,851,299,Incoming cohort (minus exclusions)
128328,990,732,258,Completers within 150% of normal time
128391,464,274,190,Incoming cohort (minus exclusions)
128391,221,122,99,Completers within 150% of normal time
128498,134,51,83,Incoming cohort (minus exclusions)
128498,80,30,50,Completers within 150% of normal time
128744,408,149,259,Incoming cohort (minus exclusions)
128744,180,61,119,Completers within 150% of normal time
128771,1343,715,628,Incoming cohort (minus exclusions)
128771,735,344,391,Completers within 150% of normal time
128902,478,176,302,Incoming cohort (minus exclusions)
128902,387,137,250,Completers within 150% of normal time
129020,3734,1816,1918,Incoming cohort (minus exclusions)
129020,3104,1436,1668,Completers within 150% of normal time
129154,16,2,14,Incoming cohort (minus exclusions)
129154,7,1,6,Completers within 150% of normal time
129215,968,404,564,Incoming cohort (minus exclusions)
129215,552,200,352,Completers within 150% of normal time
129242,965,379,586,Incoming cohort (minus exclusions)
129242,810,314,496,Completers within 150% of normal time
129525,1215,596,619,Incoming cohort (minus exclusions)
129525,737,344,393,Completers within 150% of normal time
129534,7,5,2,Incoming cohort (minus exclusions)
129534,4,4,0,Completers within 150% of normal time
129774,119,72,47,Incoming cohort (minus exclusions)
129774,50,26,24,Completers within 150% of normal time
129941,1233,562,671,Incoming cohort (minus exclusions)
129941,815,362,453,Completers within 150% of normal time
130110,7,2,5,Incoming cohort (minus exclusions)
130110,4,0,4,Completers within 150% of normal time
130183,307,136,171,Incoming cohort (minus exclusions)
130183,68,37,31,Completers within 150% of normal time
130226,1901,724,1177,Incoming cohort (minus exclusions)
130226,1521,542,979,Completers within 150% of normal time
130253,1290,455,835,Incoming cohort (minus exclusions)
130253,948,329,619,Completers within 150% of normal time
130314,211,1,210,Incoming cohort (minus exclusions)
130314,119,0,119,Completers within 150% of normal time
130493,1391,516,875,Incoming cohort (minus exclusions)
130493,727,231,496,Completers within 150% of normal time
130590,559,302,257,Incoming cohort (minus exclusions)
130590,476,259,217,Completers within 150% of normal time
130624,264,174,90,Incoming cohort (minus exclusions)
130624,243,163,80,Completers within 150% of normal time
130697,757,340,417,Incoming cohort (minus exclusions)
130697,689,298,391,Completers within 150% of normal time
130776,665,322,343,Incoming cohort (minus exclusions)
130776,352,151,201,Completers within 150% of normal time
130794,1362,694,668,Incoming cohort (minus exclusions)
130794,1320,671,649,Completers within 150% of normal time
130934,887,286,601,Incoming cohort (minus exclusions)
130934,417,116,301,Completers within 150% of normal time
130943,4083,1706,2377,Incoming cohort (minus exclusions)
130943,3419,1378,2041,Completers within 150% of normal time
130989,112,38,74,Incoming cohort (minus exclusions)
130989,63,24,39,Completers within 150% of normal time
131098,471,209,262,Incoming cohort (minus exclusions)
131098,149,52,97,Completers within 150% of normal time
131113,246,128,118,Incoming cohort (minus exclusions)
131113,61,33,28,Completers within 150% of normal time
131159,1779,627,1152,Incoming cohort (minus exclusions)
131159,1400,482,918,Completers within 150% of normal time
131283,904,421,483,Incoming cohort (minus exclusions)
131283,666,301,365,Completers within 150% of normal time
131399,103,57,46,Incoming cohort (minus exclusions)
131399,45,29,16,Completers within 150% of normal time
131450,178,99,79,Incoming cohort (minus exclusions)
131450,103,54,49,Completers within 150% of normal time
131469,2576,995,1581,Incoming cohort (minus exclusions)
131469,2155,804,1351,Completers within 150% of normal time
131496,1564,703,861,Incoming cohort (minus exclusions)
131496,1489,664,825,Completers within 150% of normal time
131520,1642,512,1130,Incoming cohort (minus exclusions)
131520,1044,309,735,Completers within 150% of normal time
131876,217,0,217,Incoming cohort (minus exclusions)
131876,88,0,88,Completers within 150% of normal time
132408,38,18,20,Incoming cohort (minus exclusions)
132408,21,7,14,Completers within 150% of normal time
132471,431,146,285,Incoming cohort (minus exclusions)
132471,175,53,122,Completers within 150% of normal time
132602,902,358,544,Incoming cohort (minus exclusions)
132602,293,105,188,Completers within 150% of normal time
132657,512,240,272,Incoming cohort (minus exclusions)
132657,257,115,142,Completers within 150% of normal time
132879,36,19,17,Incoming cohort (minus exclusions)
132879,11,2,9,Completers within 150% of normal time
132903,6289,2909,3380,Incoming cohort (minus exclusions)
132903,4713,2038,2675,Completers within 150% of normal time
133465,14,3,11,Incoming cohort (minus exclusions)
133465,5,1,4,Completers within 150% of normal time
133492,484,178,306,Incoming cohort (minus exclusions)
133492,330,113,217,Completers within 150% of normal time
133526,221,126,95,Incoming cohort (minus exclusions)
133526,61,31,30,Completers within 150% of normal time
133553,1260,1035,225,Incoming cohort (minus exclusions)
133553,783,619,164,Completers within 150% of normal time
133650,1546,519,1027,Incoming cohort (minus exclusions)
133650,856,235,621,Completers within 150% of normal time
133669,3259,1380,1879,Incoming cohort (minus exclusions)
133669,1807,722,1085,Completers within 150% of normal time
133711,620,218,402,Incoming cohort (minus exclusions)
133711,359,109,250,Completers within 150% of normal time
133809,190,77,113,Incoming cohort (minus exclusions)
133809,102,37,65,Completers within 150% of normal time
133872,48,8,40,Incoming cohort (minus exclusions)
133872,20,3,17,Completers within 150% of normal time
133881,644,466,178,Incoming cohort (minus exclusions)
133881,427,298,129,Completers within 150% of normal time
133951,3770,1646,2124,Incoming cohort (minus exclusions)
133951,2529,1032,1497,Completers within 150% of normal time
133979,363,139,224,Incoming cohort (minus exclusions)
133979,116,36,80,Completers within 150% of normal time
134079,691,231,460,Incoming cohort (minus exclusions)
134079,468,148,320,Completers within 150% of normal time
134097,6018,2445,3573,Incoming cohort (minus exclusions)
134097,5008,1931,3077,Completers within 150% of normal time
134130,6771,2779,3992,Incoming cohort (minus exclusions)
134130,6149,2462,3687,Completers within 150% of normal time
134237,4064,3179,885,Incoming cohort (minus exclusions)
134237,1790,1351,439,Completers within 150% of normal time
134510,26,10,16,Incoming cohort (minus exclusions)
134510,8,3,5,Completers within 150% of normal time
134811,279,113,166,Incoming cohort (minus exclusions)
134811,100,28,72,Completers within 150% of normal time
134945,464,208,256,Incoming cohort (minus exclusions)
134945,222,87,135,Completers within 150% of normal time
135081,433,158,275,Incoming cohort (minus exclusions)
135081,238,81,157,Completers within 150% of normal time
135726,2056,996,1060,Incoming cohort (minus exclusions)
135726,1717,818,899,Completers within 150% of normal time
136172,1480,651,829,Incoming cohort (minus exclusions)
136172,996,392,604,Completers within 150% of normal time
136215,633,219,414,Incoming cohort (minus exclusions)
136215,383,137,246,Completers within 150% of normal time
136330,541,190,351,Incoming cohort (minus exclusions)
136330,328,112,216,Completers within 150% of normal time
136774,302,93,209,Incoming cohort (minus exclusions)
136774,243,69,174,Completers within 150% of normal time
136950,493,196,297,Incoming cohort (minus exclusions)
136950,348,142,206,Completers within 150% of normal time
137032,653,256,397,Incoming cohort (minus exclusions)
137032,302,108,194,Completers within 150% of normal time
137272,9,9,0,Incoming cohort (minus exclusions)
137272,9,9,0,Completers within 150% of normal time
137351,4757,1977,2780,Incoming cohort (minus exclusions)
137351,3550,1382,2168,Completers within 150% of normal time
137476,194,91,103,Incoming cohort (minus exclusions)
137476,80,37,43,Completers within 150% of normal time
137546,980,406,574,Incoming cohort (minus exclusions)
137546,620,256,364,Completers within 150% of normal time
137564,773,372,401,Incoming cohort (minus exclusions)
137564,417,164,253,Completers within 150% of normal time
137777,19,19,0,Incoming cohort (minus exclusions)
137777,12,12,0,Completers within 150% of normal time
137847,1798,658,1140,Incoming cohort (minus exclusions)
137847,1117,387,730,Completers within 150% of normal time
137953,66,47,19,Incoming cohort (minus exclusions)
137953,14,6,8,Completers within 150% of normal time
137962,32,19,13,Incoming cohort (minus exclusions)
137962,11,6,5,Completers within 150% of normal time
138275,197,134,63,Incoming cohort (minus exclusions)
138275,80,41,39,Completers within 150% of normal time
138293,181,149,32,Incoming cohort (minus exclusions)
138293,44,31,13,Completers within 150% of normal time
138354,1317,626,691,Incoming cohort (minus exclusions)
138354,685,290,395,Completers within 150% of normal time
138558,346,231,115,Incoming cohort (minus exclusions)
138558,144,89,55,Completers within 150% of normal time
138600,271,0,271,Incoming cohort (minus exclusions)
138600,202,0,202,Completers within 150% of normal time
138716,477,181,296,Incoming cohort (minus exclusions)
138716,168,45,123,Completers within 150% of normal time
138813,368,227,141,Incoming cohort (minus exclusions)
138813,78,41,37,Completers within 150% of normal time
138868,217,149,68,Incoming cohort (minus exclusions)
138868,60,26,34,Completers within 150% of normal time
138901,5,4,1,Incoming cohort (minus exclusions)
138901,1,1,0,Completers within 150% of normal time
138947,828,210,618,Incoming cohort (minus exclusions)
138947,344,78,266,Completers within 150% of normal time
139144,573,223,350,Incoming cohort (minus exclusions)
139144,415,148,267,Completers within 150% of normal time
139153,16,10,6,Incoming cohort (minus exclusions)
139153,2,1,1,Completers within 150% of normal time
139199,165,4,161,Incoming cohort (minus exclusions)
139199,85,2,83,Completers within 150% of normal time
139205,113,64,49,Incoming cohort (minus exclusions)
139205,18,6,12,Completers within 150% of normal time
139250,353,101,252,Incoming cohort (minus exclusions)
139250,97,26,71,Completers within 150% of normal time
139311,456,164,292,Incoming cohort (minus exclusions)
139311,167,53,114,Completers within 150% of normal time
139366,988,383,605,Incoming cohort (minus exclusions)
139366,431,148,283,Completers within 150% of normal time
139393,258,118,140,Incoming cohort (minus exclusions)
139393,188,84,104,Completers within 150% of normal time
139463,414,195,219,Incoming cohort (minus exclusions)
139463,131,56,75,Completers within 150% of normal time
139579,14,9,5,Incoming cohort (minus exclusions)
139579,2,1,1,Completers within 150% of normal time
139630,232,131,101,Incoming cohort (minus exclusions)
139630,81,38,43,Completers within 150% of normal time
139658,1356,566,790,Incoming cohort (minus exclusions)
139658,1221,495,726,Completers within 150% of normal time
139719,410,193,217,Incoming cohort (minus exclusions)
139719,184,58,126,Completers within 150% of normal time
139755,3083,1806,1277,Incoming cohort (minus exclusions)
139755,2834,1647,1187,Completers within 150% of normal time
139764,374,152,222,Incoming cohort (minus exclusions)
139764,127,37,90,Completers within 150% of normal time
139861,1472,567,905,Incoming cohort (minus exclusions)
139861,914,314,600,Completers within 150% of normal time
139931,4028,2001,2027,Incoming cohort (minus exclusions)
139931,2192,975,1217,Completers within 150% of normal time
139940,3594,1479,2115,Incoming cohort (minus exclusions)
139940,2023,722,1301,Completers within 150% of normal time
139959,5248,2122,3126,Incoming cohort (minus exclusions)
139959,4610,1824,2786,Completers within 150% of normal time
139968,73,18,55,Incoming cohort (minus exclusions)
139968,15,3,12,Completers within 150% of normal time
140234,263,159,104,Incoming cohort (minus exclusions)
140234,122,59,63,Completers within 150% of normal time
140252,91,38,53,Incoming cohort (minus exclusions)
140252,37,11,26,Completers within 150% of normal time
140340,37,21,16,Incoming cohort (minus exclusions)
140340,7,5,2,Completers within 150% of normal time
140447,825,394,431,Incoming cohort (minus exclusions)
140447,607,282,325,Completers within 150% of normal time
140553,573,573,0,Incoming cohort (minus exclusions)
140553,269,269,0,Completers within 150% of normal time
140696,320,120,200,Incoming cohort (minus exclusions)
140696,186,60,126,Completers within 150% of normal time
140720,125,52,73,Incoming cohort (minus exclusions)
140720,10,4,6,Completers within 150% of normal time
140818,269,107,162,Incoming cohort (minus exclusions)
140818,129,45,84,Completers within 150% of normal time
140872,266,172,94,Incoming cohort (minus exclusions)
140872,89,51,38,Completers within 150% of normal time
140951,1928,584,1344,Incoming cohort (minus exclusions)
140951,1378,383,995,Completers within 150% of normal time
140960,1119,481,638,Incoming cohort (minus exclusions)
140960,271,93,178,Completers within 150% of normal time
140988,261,121,140,Incoming cohort (minus exclusions)
140988,97,34,63,Completers within 150% of normal time
141060,563,0,563,Incoming cohort (minus exclusions)
141060,429,0,429,Completers within 150% of normal time
141167,88,53,35,Incoming cohort (minus exclusions)
141167,39,20,19,Completers within 150% of normal time
141185,138,59,79,Incoming cohort (minus exclusions)
141185,73,28,45,Completers within 150% of normal time
141237,207,82,125,Incoming cohort (minus exclusions)
141237,73,29,44,Completers within 150% of normal time
141264,1394,567,827,Incoming cohort (minus exclusions)
141264,576,180,396,Completers within 150% of normal time
141325,119,0,119,Incoming cohort (minus exclusions)
141325,67,0,67,Completers within 150% of normal time
141334,2343,865,1478,Incoming cohort (minus exclusions)
141334,992,293,699,Completers within 150% of normal time
141361,346,147,199,Incoming cohort (minus exclusions)
141361,140,55,85,Completers within 150% of normal time
141486,216,42,174,Incoming cohort (minus exclusions)
141486,142,24,118,Completers within 150% of normal time
141565,370,117,253,Incoming cohort (minus exclusions)
141565,158,39,119,Completers within 150% of normal time
141574,1852,790,1062,Incoming cohort (minus exclusions)
141574,1091,449,642,Completers within 150% of normal time
141644,470,155,315,Incoming cohort (minus exclusions)
141644,201,53,148,Completers within 150% of normal time
141839,9,5,4,Incoming cohort (minus exclusions)
141839,3,1,2,Completers within 150% of normal time
141981,239,94,145,Incoming cohort (minus exclusions)
141981,88,26,62,Completers within 150% of normal time
142090,24,14,10,Incoming cohort (minus exclusions)
142090,13,10,3,Completers within 150% of normal time
142115,2149,966,1183,Incoming cohort (minus exclusions)
142115,1153,468,685,Completers within 150% of normal time
142276,1169,513,656,Incoming cohort (minus exclusions)
142276,444,172,272,Completers within 150% of normal time
142285,1551,779,772,Incoming cohort (minus exclusions)
142285,919,434,485,Completers within 150% of normal time
142294,198,102,96,Incoming cohort (minus exclusions)
142294,111,44,67,Completers within 150% of normal time
142328,394,146,248,Incoming cohort (minus exclusions)
142328,141,47,94,Completers within 150% of normal time
142461,258,112,146,Incoming cohort (minus exclusions)
142461,161,67,94,Completers within 150% of normal time
142522,1520,666,854,Incoming cohort (minus exclusions)
142522,769,315,454,Completers within 150% of normal time
142887,58,22,36,Incoming cohort (minus exclusions)
142887,33,14,19,Completers within 150% of normal time
142957,2,1,1,Incoming cohort (minus exclusions)
142957,1,1,0,Completers within 150% of normal time
143048,563,139,424,Incoming cohort (minus exclusions)
143048,366,82,284,Completers within 150% of normal time
143084,678,285,393,Incoming cohort (minus exclusions)
143084,533,205,328,Completers within 150% of normal time
143118,625,251,374,Incoming cohort (minus exclusions)
143118,346,106,240,Completers within 150% of normal time
143288,159,68,91,Incoming cohort (minus exclusions)
143288,73,28,45,Completers within 150% of normal time
143358,924,438,486,Incoming cohort (minus exclusions)
143358,700,318,382,Completers within 150% of normal time
144005,162,66,96,Incoming cohort (minus exclusions)
144005,34,19,15,Completers within 150% of normal time
144050,1535,785,750,Incoming cohort (minus exclusions)
144050,1472,752,720,Completers within 150% of normal time
144281,1764,673,1091,Incoming cohort (minus exclusions)
144281,897,325,572,Completers within 150% of normal time
144351,292,132,160,Incoming cohort (minus exclusions)
144351,125,45,80,Completers within 150% of normal time
144740,2514,1099,1415,Incoming cohort (minus exclusions)
144740,1749,749,1000,Completers within 150% of normal time
144883,167,93,74,Incoming cohort (minus exclusions)
144883,21,12,9,Completers within 150% of normal time
144892,1078,398,680,Incoming cohort (minus exclusions)
144892,547,180,367,Completers within 150% of normal time
144962,478,193,285,Incoming cohort (minus exclusions)
144962,327,114,213,Completers within 150% of normal time
144971,164,82,82,Incoming cohort (minus exclusions)
144971,85,39,46,Completers within 150% of normal time
145336,203,68,135,Incoming cohort (minus exclusions)
145336,32,8,24,Completers within 150% of normal time
145372,260,150,110,Incoming cohort (minus exclusions)
145372,126,58,68,Completers within 150% of normal time
145497,362,27,335,Incoming cohort (minus exclusions)
145497,20,3,17,Completers within 150% of normal time
145600,3455,1661,1794,Incoming cohort (minus exclusions)
145600,2151,1007,1144,Completers within 150% of normal time
145619,448,234,214,Incoming cohort (minus exclusions)
145619,209,99,110,Completers within 150% of normal time
145637,7553,4198,3355,Incoming cohort (minus exclusions)
145637,6411,3447,2964,Completers within 150% of normal time
145646,450,200,250,Incoming cohort (minus exclusions)
145646,365,161,204,Completers within 150% of normal time
145691,239,114,125,Incoming cohort (minus exclusions)
145691,153,64,89,Completers within 150% of normal time
145725,476,336,140,Incoming cohort (minus exclusions)
145725,340,240,100,Completers within 150% of normal time
145813,3618,1494,2124,Incoming cohort (minus exclusions)
145813,2434,908,1526,Completers within 150% of normal time
146339,145,73,72,Incoming cohort (minus exclusions)
146339,97,44,53,Completers within 150% of normal time
146427,386,159,227,Incoming cohort (minus exclusions)
146427,290,112,178,Completers within 150% of normal time
146481,356,155,201,Incoming cohort (minus exclusions)
146481,260,109,151,Completers within 150% of normal time
146612,695,332,363,Incoming cohort (minus exclusions)
146612,419,180,239,Completers within 150% of normal time
146667,77,56,21,Incoming cohort (minus exclusions)
146667,33,19,14,Completers within 150% of normal time
146676,32,16,16,Incoming cohort (minus exclusions)
146676,7,1,6,Completers within 150% of normal time
146719,2194,724,1470,Incoming cohort (minus exclusions)
146719,1579,509,1070,Completers within 150% of normal time
146755,1,0,1,Incoming cohort (minus exclusions)
146755,1,0,1,Completers within 150% of normal time
147013,342,192,150,Incoming cohort (minus exclusions)
147013,190,90,100,Completers within 150% of normal time
147129,9,2,7,Incoming cohort (minus exclusions)
147129,5,0,5,Completers within 150% of normal time
147244,418,215,203,Incoming cohort (minus exclusions)
147244,229,106,123,Completers within 150% of normal time
147341,270,145,125,Incoming cohort (minus exclusions)
147341,149,69,80,Completers within 150% of normal time
147369,398,208,190,Incoming cohort (minus exclusions)
147369,211,100,111,Completers within 150% of normal time
147536,80,23,57,Incoming cohort (minus exclusions)
147536,27,7,20,Completers within 150% of normal time
147660,599,316,283,Incoming cohort (minus exclusions)
147660,386,196,190,Completers within 150% of normal time
147679,358,140,218,Incoming cohort (minus exclusions)
147679,219,76,143,Completers within 150% of normal time
147703,2235,1116,1119,Incoming cohort (minus exclusions)
147703,1135,536,599,Completers within 150% of normal time
147767,2012,1012,1000,Incoming cohort (minus exclusions)
147767,1916,951,965,Completers within 150% of normal time
147776,706,312,394,Incoming cohort (minus exclusions)
147776,151,48,103,Completers within 150% of normal time
147828,730,321,409,Incoming cohort (minus exclusions)
147828,466,199,267,Completers within 150% of normal time
148016,78,37,41,Incoming cohort (minus exclusions)
148016,67,32,35,Completers within 150% of normal time
148131,278,144,134,Incoming cohort (minus exclusions)
148131,116,52,64,Completers within 150% of normal time
148405,164,91,73,Incoming cohort (minus exclusions)
148405,52,19,33,Completers within 150% of normal time
148487,439,177,262,Incoming cohort (minus exclusions)
148487,170,64,106,Completers within 150% of normal time
148496,483,172,311,Incoming cohort (minus exclusions)
148496,252,74,178,Completers within 150% of normal time
148584,181,84,97,Incoming cohort (minus exclusions)
148584,117,53,64,Completers within 150% of normal time
148627,620,209,411,Incoming cohort (minus exclusions)
148627,321,102,219,Completers within 150% of normal time
148654,254,95,159,Incoming cohort (minus exclusions)
148654,131,50,81,Completers within 150% of normal time
148876,65,13,52,Incoming cohort (minus exclusions)
148876,65,13,52,Completers within 150% of normal time
149028,1,0,1,Incoming cohort (minus exclusions)
149028,1,0,1,Completers within 150% of normal time
149222,2155,1030,1125,Incoming cohort (minus exclusions)
149222,965,437,528,Completers within 150% of normal time
149231,2070,904,1166,Incoming cohort (minus exclusions)
149231,1072,433,639,Completers within 150% of normal time
149329,21,21,0,Incoming cohort (minus exclusions)
149329,1,1,0,Completers within 150% of normal time
149505,190,68,122,Incoming cohort (minus exclusions)
149505,127,43,84,Completers within 150% of normal time
149514,148,85,63,Incoming cohort (minus exclusions)
149514,66,35,31,Completers within 150% of normal time
149639,20,14,6,Incoming cohort (minus exclusions)
149639,13,9,4,Completers within 150% of normal time
149772,1502,692,810,Incoming cohort (minus exclusions)
149772,764,352,412,Completers within 150% of normal time
149781,605,282,323,Incoming cohort (minus exclusions)
149781,530,234,296,Completers within 150% of normal time
150066,421,174,247,Incoming cohort (minus exclusions)
150066,265,100,165,Completers within 150% of normal time
150136,3488,1349,2139,Incoming cohort (minus exclusions)
150136,2378,862,1516,Completers within 150% of normal time
150145,269,117,152,Incoming cohort (minus exclusions)
150145,171,69,102,Completers within 150% of normal time
150163,934,370,564,Incoming cohort (minus exclusions)
150163,768,302,466,Completers within 150% of normal time
150172,114,62,52,Incoming cohort (minus exclusions)
150172,24,11,13,Completers within 150% of normal time
150400,596,299,297,Incoming cohort (minus exclusions)
150400,492,241,251,Completers within 150% of normal time
150455,252,107,145,Incoming cohort (minus exclusions)
150455,183,76,107,Completers within 150% of normal time
150534,515,221,294,Incoming cohort (minus exclusions)
150534,357,136,221,Completers within 150% of normal time
150604,289,148,141,Incoming cohort (minus exclusions)
150604,177,81,96,Completers within 150% of normal time
150668,176,88,88,Incoming cohort (minus exclusions)
150668,114,51,63,Completers within 150% of normal time
150677,351,135,216,Incoming cohort (minus exclusions)
150677,251,100,151,Completers within 150% of normal time
150756,304,140,164,Incoming cohort (minus exclusions)
150756,193,79,114,Completers within 150% of normal time
150774,178,97,81,Incoming cohort (minus exclusions)
150774,121,64,57,Completers within 150% of normal time
150941,207,77,130,Incoming cohort (minus exclusions)
150941,142,50,92,Completers within 150% of normal time
151102,1423,720,703,Incoming cohort (minus exclusions)
151102,536,239,297,Completers within 150% of normal time
151111,3599,1511,2088,Incoming cohort (minus exclusions)
151111,2036,816,1220,Completers within 150% of normal time
151263,956,347,609,Incoming cohort (minus exclusions)
151263,607,205,402,Completers within 150% of normal time
151290,390,248,142,Incoming cohort (minus exclusions)
151290,155,98,57,Completers within 150% of normal time
151306,1621,611,1010,Incoming cohort (minus exclusions)
151306,815,291,524,Completers within 150% of normal time
151324,2765,1232,1533,Incoming cohort (minus exclusions)
151324,1139,494,645,Completers within 150% of normal time
151333,536,201,335,Incoming cohort (minus exclusions)
151333,231,79,152,Completers within 150% of normal time
151342,810,334,476,Incoming cohort (minus exclusions)
151342,311,116,195,Completers within 150% of normal time
151351,7839,3860,3979,Incoming cohort (minus exclusions)
151351,6338,3018,3320,Completers within 150% of normal time
151360,567,201,366,Incoming cohort (minus exclusions)
151360,216,68,148,Completers within 150% of normal time
151379,834,326,508,Incoming cohort (minus exclusions)
151379,323,110,213,Completers within 150% of normal time
151388,337,122,215,Incoming cohort (minus exclusions)
151388,144,48,96,Completers within 150% of normal time
151777,390,178,212,Incoming cohort (minus exclusions)
151777,214,89,125,Completers within 150% of normal time
151786,304,149,155,Incoming cohort (minus exclusions)
151786,196,78,118,Completers within 150% of normal time
151801,683,218,465,Incoming cohort (minus exclusions)
151801,486,137,349,Completers within 150% of normal time
151810,4,3,1,Incoming cohort (minus exclusions)
151810,1,0,1,Completers within 150% of normal time
151962,31,13,18,Incoming cohort (minus exclusions)
151962,30,12,18,Completers within 150% of normal time
152080,2001,1064,937,Incoming cohort (minus exclusions)
152080,1919,1012,907,Completers within 150% of normal time
152099,76,40,36,Incoming cohort (minus exclusions)
152099,48,22,26,Completers within 150% of normal time
152318,543,410,133,Incoming cohort (minus exclusions)
152318,471,354,117,Completers within 150% of normal time
152336,344,139,205,Incoming cohort (minus exclusions)
152336,195,66,129,Completers within 150% of normal time
152381,68,0,68,Incoming cohort (minus exclusions)
152381,42,0,42,Completers within 150% of normal time
152390,419,0,419,Incoming cohort (minus exclusions)
152390,312,0,312,Completers within 150% of normal time
152530,518,228,290,Incoming cohort (minus exclusions)
152530,398,165,233,Completers within 150% of normal time
152567,470,343,127,Incoming cohort (minus exclusions)
152567,299,217,82,Completers within 150% of normal time
152600,741,363,378,Incoming cohort (minus exclusions)
152600,552,252,300,Completers within 150% of normal time
152637,65,30,35,Incoming cohort (minus exclusions)
152637,19,9,10,Completers within 150% of normal time
152673,235,235,0,Incoming cohort (minus exclusions)
152673,195,195,0,Completers within 150% of normal time
152992,185,103,82,Incoming cohort (minus exclusions)
152992,103,46,57,Completers within 150% of normal time
153001,223,122,101,Incoming cohort (minus exclusions)
153001,140,68,72,Completers within 150% of normal time
153108,316,153,163,Incoming cohort (minus exclusions)
153108,209,93,116,Completers within 150% of normal time
153126,178,68,110,Incoming cohort (minus exclusions)
153126,97,32,65,Completers within 150% of normal time
153144,377,144,233,Incoming cohort (minus exclusions)
153144,243,96,147,Completers within 150% of normal time
153162,276,152,124,Incoming cohort (minus exclusions)
153162,176,90,86,Completers within 150% of normal time
153241,1,0,1,Incoming cohort (minus exclusions)
153241,1,0,1,Completers within 150% of normal time
153250,351,191,160,Incoming cohort (minus exclusions)
153250,262,131,131,Completers within 150% of normal time
153269,717,297,420,Incoming cohort (minus exclusions)
153269,549,224,325,Completers within 150% of normal time
153278,438,300,138,Incoming cohort (minus exclusions)
153278,175,97,78,Completers within 150% of normal time
153302,42,17,25,Incoming cohort (minus exclusions)
153302,33,10,23,Completers within 150% of normal time
153320,47,20,27,Incoming cohort (minus exclusions)
153320,28,14,14,Completers within 150% of normal time
153366,289,168,121,Incoming cohort (minus exclusions)
153366,137,65,72,Completers within 150% of normal time
153375,266,127,139,Incoming cohort (minus exclusions)
153375,135,54,81,Completers within 150% of normal time
153384,442,201,241,Incoming cohort (minus exclusions)
153384,384,173,211,Completers within 150% of normal time
153603,6171,3504,2667,Incoming cohort (minus exclusions)
153603,4693,2557,2136,Completers within 150% of normal time
153621,120,72,48,Incoming cohort (minus exclusions)
153621,27,11,16,Completers within 150% of normal time
153658,4844,2189,2655,Incoming cohort (minus exclusions)
153658,3571,1555,2016,Completers within 150% of normal time
153825,387,198,189,Incoming cohort (minus exclusions)
153825,263,110,153,Completers within 150% of normal time
153834,623,293,330,Incoming cohort (minus exclusions)
153834,452,199,253,Completers within 150% of normal time
153861,20,10,10,Incoming cohort (minus exclusions)
153861,7,4,3,Completers within 150% of normal time
153977,20,2,18,Incoming cohort (minus exclusions)
153977,10,2,8,Completers within 150% of normal time
154004,371,174,197,Incoming cohort (minus exclusions)
154004,201,90,111,Completers within 150% of normal time
154013,232,59,173,Incoming cohort (minus exclusions)
154013,139,34,105,Completers within 150% of normal time
154022,3151,1150,2001,Incoming cohort (minus exclusions)
154022,282,84,198,Completers within 150% of normal time
154095,1869,694,1175,Incoming cohort (minus exclusions)
154095,1288,451,837,Completers within 150% of normal time
154101,260,102,158,Incoming cohort (minus exclusions)
154101,184,61,123,Completers within 150% of normal time
154235,447,202,245,Incoming cohort (minus exclusions)
154235,288,116,172,Completers within 150% of normal time
154350,322,147,175,Incoming cohort (minus exclusions)
154350,222,92,130,Completers within 150% of normal time
154493,237,123,114,Incoming cohort (minus exclusions)
154493,90,40,50,Completers within 150% of normal time
154518,199,112,87,Incoming cohort (minus exclusions)
154518,62,39,23,Completers within 150% of normal time
154527,362,180,182,Incoming cohort (minus exclusions)
154527,253,123,130,Completers within 150% of normal time
154590,308,228,80,Incoming cohort (minus exclusions)
154590,99,52,47,Completers within 150% of normal time
154688,182,83,99,Incoming cohort (minus exclusions)
154688,113,48,65,Completers within 150% of normal time
154712,508,227,281,Incoming cohort (minus exclusions)
154712,319,129,190,Completers within 150% of normal time
154721,161,107,54,Incoming cohort (minus exclusions)
154721,49,23,26,Completers within 150% of normal time
154749,129,71,58,Incoming cohort (minus exclusions)
154749,60,31,29,Completers within 150% of normal time
154855,240,137,103,Incoming cohort (minus exclusions)
154855,47,25,22,Completers within 150% of normal time
155025,731,267,464,Incoming cohort (minus exclusions)
155025,365,113,252,Completers within 150% of normal time
155061,861,373,488,Incoming cohort (minus exclusions)
155061,437,187,250,Completers within 150% of normal time
155070,33,16,17,Incoming cohort (minus exclusions)
155070,19,7,12,Completers within 150% of normal time
155089,164,89,75,Incoming cohort (minus exclusions)
155089,66,28,38,Completers within 150% of normal time
155177,12,2,10,Incoming cohort (minus exclusions)
155177,9,0,9,Completers within 150% of normal time
155308,1,0,1,Incoming cohort (minus exclusions)
155308,1,0,1,Completers within 150% of normal time
155317,4027,1886,2141,Incoming cohort (minus exclusions)
155317,2659,1226,1433,Completers within 150% of normal time
155335,158,54,104,Incoming cohort (minus exclusions)
155335,99,30,69,Completers within 150% of normal time
155399,3556,1860,1696,Incoming cohort (minus exclusions)
155399,2433,1225,1208,Completers within 150% of normal time
155414,158,89,69,Incoming cohort (minus exclusions)
155414,62,26,36,Completers within 150% of normal time
155496,67,37,30,Incoming cohort (minus exclusions)
155496,25,23,2,Completers within 150% of normal time
155511,192,128,64,Incoming cohort (minus exclusions)
155511,101,64,37,Completers within 150% of normal time
155520,185,91,94,Incoming cohort (minus exclusions)
155520,84,31,53,Completers within 150% of normal time
155627,152,99,53,Incoming cohort (minus exclusions)
155627,51,30,21,Completers within 150% of normal time
155681,1010,485,525,Incoming cohort (minus exclusions)
155681,524,239,285,Completers within 150% of normal time
155812,135,82,53,Incoming cohort (minus exclusions)
155812,63,32,31,Completers within 150% of normal time
155900,89,51,38,Incoming cohort (minus exclusions)
155900,36,18,18,Completers within 150% of normal time
155937,139,74,65,Incoming cohort (minus exclusions)
155937,60,26,34,Completers within 150% of normal time
155973,150,87,63,Incoming cohort (minus exclusions)
155973,72,32,40,Completers within 150% of normal time
156082,679,288,391,Incoming cohort (minus exclusions)
156082,347,122,225,Completers within 150% of normal time
156125,1267,597,670,Incoming cohort (minus exclusions)
156125,604,246,358,Completers within 150% of normal time
156189,191,83,108,Incoming cohort (minus exclusions)
156189,56,24,32,Completers within 150% of normal time
156213,311,134,177,Incoming cohort (minus exclusions)
156213,202,79,123,Completers within 150% of normal time
156286,707,220,487,Incoming cohort (minus exclusions)
156286,461,150,311,Completers within 150% of normal time
156295,430,193,237,Incoming cohort (minus exclusions)
156295,282,114,168,Completers within 150% of normal time
156356,137,57,80,Incoming cohort (minus exclusions)
156356,68,27,41,Completers within 150% of normal time
156365,466,244,222,Incoming cohort (minus exclusions)
156365,174,68,106,Completers within 150% of normal time
156408,374,202,172,Incoming cohort (minus exclusions)
156408,323,168,155,Completers within 150% of normal time
156417,16,14,2,Incoming cohort (minus exclusions)
156417,7,7,0,Completers within 150% of normal time
156541,433,229,204,Incoming cohort (minus exclusions)
156541,208,98,110,Completers within 150% of normal time
156620,2438,990,1448,Incoming cohort (minus exclusions)
156620,1270,469,801,Completers within 150% of normal time
156745,282,122,160,Incoming cohort (minus exclusions)
156745,159,58,101,Completers within 150% of normal time
157030,12,8,4,Incoming cohort (minus exclusions)
157030,7,3,4,Completers within 150% of normal time
157058,170,90,80,Incoming cohort (minus exclusions)
157058,66,33,33,Completers within 150% of normal time
157076,181,101,80,Incoming cohort (minus exclusions)
157076,83,33,50,Completers within 150% of normal time
157085,5113,2171,2942,Incoming cohort (minus exclusions)
157085,3469,1371,2098,Completers within 150% of normal time
157100,107,63,44,Incoming cohort (minus exclusions)
157100,39,15,24,Completers within 150% of normal time
157216,512,223,289,Incoming cohort (minus exclusions)
157216,206,70,136,Completers within 150% of normal time
157289,2657,1315,1342,Incoming cohort (minus exclusions)
157289,1660,817,843,Completers within 150% of normal time
157377,46,0,46,Incoming cohort (minus exclusions)
157377,28,0,28,Completers within 150% of normal time
157386,1372,578,794,Incoming cohort (minus exclusions)
157386,617,241,376,Completers within 150% of normal time
157401,1451,583,868,Incoming cohort (minus exclusions)
157401,813,284,529,Completers within 150% of normal time
157447,2034,958,1076,Incoming cohort (minus exclusions)
157447,1014,439,575,Completers within 150% of normal time
157535,271,151,120,Incoming cohort (minus exclusions)
157535,89,43,46,Completers within 150% of normal time
157748,121,68,53,Incoming cohort (minus exclusions)
157748,49,29,20,Completers within 150% of normal time
157757,179,64,115,Incoming cohort (minus exclusions)
157757,76,25,51,Completers within 150% of normal time
157809,267,143,124,Incoming cohort (minus exclusions)
157809,137,60,77,Completers within 150% of normal time
157818,308,136,172,Incoming cohort (minus exclusions)
157818,226,87,139,Completers within 150% of normal time
157863,213,129,84,Incoming cohort (minus exclusions)
157863,79,38,41,Completers within 150% of normal time
157951,2714,1133,1581,Incoming cohort (minus exclusions)
157951,1572,600,972,Completers within 150% of normal time
158477,157,72,85,Incoming cohort (minus exclusions)
158477,89,30,59,Completers within 150% of normal time
158802,296,74,222,Incoming cohort (minus exclusions)
158802,154,29,125,Completers within 150% of normal time
159009,617,309,308,Incoming cohort (minus exclusions)
159009,178,62,116,Completers within 150% of normal time
159382,247,142,105,Incoming cohort (minus exclusions)
159382,69,35,34,Completers within 150% of normal time
159391,5608,2488,3120,Incoming cohort (minus exclusions)
159391,3869,1622,2247,Completers within 150% of normal time
159416,347,133,214,Incoming cohort (minus exclusions)
159416,131,45,86,Completers within 150% of normal time
159568,205,133,72,Incoming cohort (minus exclusions)
159568,56,24,32,Completers within 150% of normal time
159647,1844,1074,770,Incoming cohort (minus exclusions)
159647,1098,597,501,Completers within 150% of normal time
159656,660,238,422,Incoming cohort (minus exclusions)
159656,410,142,268,Completers within 150% of normal time
159717,1336,568,768,Incoming cohort (minus exclusions)
159717,564,224,340,Completers within 150% of normal time
159939,905,463,442,Incoming cohort (minus exclusions)
159939,352,160,192,Completers within 150% of normal time
159948,59,49,10,Incoming cohort (minus exclusions)
159948,35,32,3,Completers within 150% of normal time
159966,1125,398,727,Incoming cohort (minus exclusions)
159966,577,178,399,Completers within 150% of normal time
159993,1374,502,872,Incoming cohort (minus exclusions)
159993,736,259,477,Completers within 150% of normal time
160038,1163,434,729,Incoming cohort (minus exclusions)
160038,525,185,340,Completers within 150% of normal time
160065,83,14,69,Incoming cohort (minus exclusions)
160065,25,6,19,Completers within 150% of normal time
160074,63,13,50,Incoming cohort (minus exclusions)
160074,21,1,20,Completers within 150% of normal time
160409,19,19,0,Incoming cohort (minus exclusions)
160409,6,6,0,Completers within 150% of normal time
160612,2276,903,1373,Incoming cohort (minus exclusions)
160612,857,292,565,Completers within 150% of normal time
160621,1177,475,702,Incoming cohort (minus exclusions)
160621,376,133,243,Completers within 150% of normal time
160630,179,52,127,Incoming cohort (minus exclusions)
160630,34,11,23,Completers within 150% of normal time
160658,3146,1376,1770,Incoming cohort (minus exclusions)
160658,1577,623,954,Completers within 150% of normal time
160755,1718,692,1026,Incoming cohort (minus exclusions)
160755,1477,568,909,Completers within 150% of normal time
160904,556,137,419,Incoming cohort (minus exclusions)
160904,277,59,218,Completers within 150% of normal time
160959,81,21,60,Incoming cohort (minus exclusions)
160959,54,16,38,Completers within 150% of normal time
160977,516,252,264,Incoming cohort (minus exclusions)
160977,473,229,244,Completers within 150% of normal time
161004,498,250,248,Incoming cohort (minus exclusions)
161004,467,231,236,Completers within 150% of normal time
161086,508,249,259,Incoming cohort (minus exclusions)
161086,440,213,227,Completers within 150% of normal time
161217,176,62,114,Incoming cohort (minus exclusions)
161217,27,10,17,Completers within 150% of normal time
161226,447,143,304,Incoming cohort (minus exclusions)
161226,248,80,168,Completers within 150% of normal time
161235,92,29,63,Incoming cohort (minus exclusions)
161235,41,9,32,Completers within 150% of normal time
161253,2122,1111,1011,Incoming cohort (minus exclusions)
161253,1208,616,592,Completers within 150% of normal time
161299,206,169,37,Incoming cohort (minus exclusions)
161299,149,121,28,Completers within 150% of normal time
161341,176,73,103,Incoming cohort (minus exclusions)
161341,63,20,43,Completers within 150% of normal time
161457,575,166,409,Incoming cohort (minus exclusions)
161457,380,108,272,Completers within 150% of normal time
161509,109,34,75,Incoming cohort (minus exclusions)
161509,48,17,31,Completers within 150% of normal time
161518,263,99,164,Incoming cohort (minus exclusions)
161518,180,73,107,Completers within 150% of normal time
161554,661,278,383,Incoming cohort (minus exclusions)
161554,228,77,151,Completers within 150% of normal time
161563,259,138,121,Incoming cohort (minus exclusions)
161563,133,71,62,Completers within 150% of normal time
161572,198,100,98,Incoming cohort (minus exclusions)
161572,108,52,56,Completers within 150% of normal time
161873,137,66,71,Incoming cohort (minus exclusions)
161873,52,22,30,Completers within 150% of normal time
162007,559,228,331,Incoming cohort (minus exclusions)
162007,234,77,157,Completers within 150% of normal time
162061,82,72,10,Incoming cohort (minus exclusions)
162061,42,35,7,Completers within 150% of normal time
162210,139,81,58,Incoming cohort (minus exclusions)
162210,56,24,32,Completers within 150% of normal time
162283,242,80,162,Incoming cohort (minus exclusions)
162283,64,28,36,Completers within 150% of normal time
162584,931,516,415,Incoming cohort (minus exclusions)
162584,443,213,230,Completers within 150% of normal time
162654,388,127,261,Incoming cohort (minus exclusions)
162654,227,66,161,Completers within 150% of normal time
162760,256,95,161,Incoming cohort (minus exclusions)
162760,169,59,110,Completers within 150% of normal time
162928,1358,678,680,Incoming cohort (minus exclusions)
162928,1285,632,653,Completers within 150% of normal time
163046,1031,423,608,Incoming cohort (minus exclusions)
163046,830,327,503,Completers within 150% of normal time
163204,149,67,82,Incoming cohort (minus exclusions)
163204,24,9,15,Completers within 150% of normal time
163268,1542,911,631,Incoming cohort (minus exclusions)
163268,1094,613,481,Completers within 150% of normal time
163286,3954,2160,1794,Incoming cohort (minus exclusions)
163286,3472,1879,1593,Completers within 150% of normal time
163295,407,87,320,Incoming cohort (minus exclusions)
163295,301,61,240,Completers within 150% of normal time
163338,1011,442,569,Incoming cohort (minus exclusions)
163338,337,123,214,Completers within 150% of normal time
163453,1159,531,628,Incoming cohort (minus exclusions)
163453,509,215,294,Completers within 150% of normal time
163462,506,239,267,Incoming cohort (minus exclusions)
163462,311,141,170,Completers within 150% of normal time
163532,34,34,0,Incoming cohort (minus exclusions)
163532,12,12,0,Completers within 150% of normal time
163578,93,0,93,Incoming cohort (minus exclusions)
163578,55,0,55,Completers within 150% of normal time
163851,1185,487,698,Incoming cohort (minus exclusions)
163851,856,320,536,Completers within 150% of normal time
163912,393,158,235,Incoming cohort (minus exclusions)
163912,286,109,177,Completers within 150% of normal time
163976,102,58,44,Incoming cohort (minus exclusions)
163976,77,42,35,Completers within 150% of normal time
164076,2706,987,1719,Incoming cohort (minus exclusions)
164076,1956,651,1305,Completers within 150% of normal time
164155,1175,853,322,Incoming cohort (minus exclusions)
164155,1073,774,299,Completers within 150% of normal time
164173,734,277,457,Incoming cohort (minus exclusions)
164173,435,142,293,Completers within 150% of normal time
164216,391,178,213,Incoming cohort (minus exclusions)
164216,293,118,175,Completers within 150% of normal time
164270,429,212,217,Incoming cohort (minus exclusions)
164270,279,134,145,Completers within 150% of normal time
164368,126,88,38,Incoming cohort (minus exclusions)
164368,79,52,27,Completers within 150% of normal time
164447,337,170,167,Incoming cohort (minus exclusions)
164447,143,61,82,Completers within 150% of normal time
164465,475,224,251,Incoming cohort (minus exclusions)
164465,439,205,234,Completers within 150% of normal time
164492,232,95,137,Incoming cohort (minus exclusions)
164492,111,32,79,Completers within 150% of normal time
164562,570,223,347,Incoming cohort (minus exclusions)
164562,408,148,260,Completers within 150% of normal time
164580,525,243,282,Incoming cohort (minus exclusions)
164580,492,226,266,Completers within 150% of normal time
164614,10,7,3,Incoming cohort (minus exclusions)
164614,8,5,3,Completers within 150% of normal time
164632,178,0,178,Incoming cohort (minus exclusions)
164632,90,0,90,Completers within 150% of normal time
164641,55,35,20,Incoming cohort (minus exclusions)
164641,7,2,5,Completers within 150% of normal time
164739,915,556,359,Incoming cohort (minus exclusions)
164739,805,470,335,Completers within 150% of normal time
164748,1007,580,427,Incoming cohort (minus exclusions)
164748,699,379,320,Completers within 150% of normal time
164872,22,11,11,Incoming cohort (minus exclusions)
164872,15,9,6,Completers within 150% of normal time
164924,2300,1115,1185,Incoming cohort (minus exclusions)
164924,2088,999,1089,Completers within 150% of normal time
164988,3604,1326,2278,Incoming cohort (minus exclusions)
164988,3220,1166,2054,Completers within 150% of normal time
165015,802,332,470,Incoming cohort (minus exclusions)
165015,702,284,418,Completers within 150% of normal time
165024,1491,640,851,Incoming cohort (minus exclusions)
165024,931,344,587,Completers within 150% of normal time
165334,665,242,423,Incoming cohort (minus exclusions)
165334,525,193,332,Completers within 150% of normal time
165529,600,288,312,Incoming cohort (minus exclusions)
165529,327,144,183,Completers within 150% of normal time
165574,199,87,112,Incoming cohort (minus exclusions)
165574,114,45,69,Completers within 150% of normal time
165644,109,62,47,Incoming cohort (minus exclusions)
165644,62,33,29,Completers within 150% of normal time
165662,914,358,556,Incoming cohort (minus exclusions)
165662,720,274,446,Completers within 150% of normal time
165671,555,129,426,Incoming cohort (minus exclusions)
165671,390,90,300,Completers within 150% of normal time
165699,785,307,478,Incoming cohort (minus exclusions)
165699,614,223,391,Completers within 150% of normal time
165802,118,49,69,Incoming cohort (minus exclusions)
165802,45,18,27,Completers within 150% of normal time
165820,781,363,418,Incoming cohort (minus exclusions)
165820,446,197,249,Completers within 150% of normal time
165866,843,315,528,Incoming cohort (minus exclusions)
165866,426,149,277,Completers within 150% of normal time
165936,437,153,284,Incoming cohort (minus exclusions)
165936,315,108,207,Completers within 150% of normal time
166018,370,133,237,Incoming cohort (minus exclusions)
166018,231,86,145,Completers within 150% of normal time
166027,1658,852,806,Incoming cohort (minus exclusions)
166027,1604,816,788,Completers within 150% of normal time
166054,31,22,9,Incoming cohort (minus exclusions)
166054,18,13,5,Completers within 150% of normal time
166124,738,352,386,Incoming cohort (minus exclusions)
166124,683,320,363,Completers within 150% of normal time
166391,489,175,314,Incoming cohort (minus exclusions)
166391,326,114,212,Completers within 150% of normal time
166452,372,81,291,Incoming cohort (minus exclusions)
166452,225,42,183,Completers within 150% of normal time
166513,1591,1039,552,Incoming cohort (minus exclusions)
166513,1100,691,409,Completers within 150% of normal time
166629,4642,2358,2284,Incoming cohort (minus exclusions)
166629,3892,1926,1966,Completers within 150% of normal time
166638,1532,732,800,Incoming cohort (minus exclusions)
166638,751,328,423,Completers within 150% of normal time
166656,471,94,377,Incoming cohort (minus exclusions)
166656,306,56,250,Completers within 150% of normal time
166674,292,69,223,Incoming cohort (minus exclusions)
166674,216,46,170,Completers within 150% of normal time
166683,1106,588,518,Incoming cohort (minus exclusions)
166683,1064,559,505,Completers within 150% of normal time
166692,380,339,41,Incoming cohort (minus exclusions)
166692,296,258,38,Completers within 150% of normal time
166850,827,406,421,Incoming cohort (minus exclusions)
166850,571,269,302,Completers within 150% of normal time
166911,81,23,58,Incoming cohort (minus exclusions)
166911,51,15,36,Completers within 150% of normal time
166939,512,0,512,Incoming cohort (minus exclusions)
166939,435,0,435,Completers within 150% of normal time
167057,86,49,37,Incoming cohort (minus exclusions)
167057,71,38,33,Completers within 150% of normal time
167260,323,219,104,Incoming cohort (minus exclusions)
167260,186,119,67,Completers within 150% of normal time
167288,269,95,174,Incoming cohort (minus exclusions)
167288,157,60,97,Completers within 150% of normal time
167358,2789,1414,1375,Incoming cohort (minus exclusions)
167358,2526,1266,1260,Completers within 150% of normal time
167394,182,50,132,Incoming cohort (minus exclusions)
167394,124,33,91,Completers within 150% of normal time
167455,97,46,51,Incoming cohort (minus exclusions)
167455,20,9,11,Completers within 150% of normal time
167598,266,67,199,Incoming cohort (minus exclusions)
167598,162,35,127,Completers within 150% of normal time
167729,1082,400,682,Incoming cohort (minus exclusions)
167729,614,195,419,Completers within 150% of normal time
167783,471,0,471,Incoming cohort (minus exclusions)
167783,333,0,333,Completers within 150% of normal time
167835,609,1,608,Incoming cohort (minus exclusions)
167835,554,1,553,Completers within 150% of normal time
167899,546,270,276,Incoming cohort (minus exclusions)
167899,399,187,212,Completers within 150% of normal time
167987,1404,754,650,Incoming cohort (minus exclusions)
167987,760,368,392,Completers within 150% of normal time
167996,656,255,401,Incoming cohort (minus exclusions)
167996,555,212,343,Completers within 150% of normal time
168005,1320,584,736,Incoming cohort (minus exclusions)
168005,795,319,476,Completers within 150% of normal time
168148,1357,700,657,Incoming cohort (minus exclusions)
168148,1273,650,623,Completers within 150% of normal time
168218,593,0,593,Incoming cohort (minus exclusions)
168218,546,0,546,Completers within 150% of normal time
168227,963,759,204,Incoming cohort (minus exclusions)
168227,691,523,168,Completers within 150% of normal time
168254,719,460,259,Incoming cohort (minus exclusions)
168254,454,280,174,Completers within 150% of normal time
168263,1291,582,709,Incoming cohort (minus exclusions)
168263,782,323,459,Completers within 150% of normal time
168281,417,161,256,Incoming cohort (minus exclusions)
168281,304,112,192,Completers within 150% of normal time
168342,551,281,270,Incoming cohort (minus exclusions)
168342,517,259,258,Completers within 150% of normal time
168421,1093,728,365,Incoming cohort (minus exclusions)
168421,953,627,326,Completers within 150% of normal time
168430,803,330,473,Incoming cohort (minus exclusions)
168430,489,171,318,Completers within 150% of normal time
168528,490,292,198,Incoming cohort (minus exclusions)
168528,255,133,122,Completers within 150% of normal time
168546,455,234,221,Incoming cohort (minus exclusions)
168546,293,131,162,Completers within 150% of normal time
168591,336,138,198,Incoming cohort (minus exclusions)
168591,211,80,131,Completers within 150% of normal time
168740,258,110,148,Incoming cohort (minus exclusions)
168740,189,77,112,Completers within 150% of normal time
168786,368,131,237,Incoming cohort (minus exclusions)
168786,222,70,152,Completers within 150% of normal time
168847,478,183,295,Incoming cohort (minus exclusions)
168847,90,27,63,Completers within 150% of normal time
169080,938,406,532,Incoming cohort (minus exclusions)
169080,725,297,428,Completers within 150% of normal time
169248,3436,1405,2031,Incoming cohort (minus exclusions)
169248,2119,782,1337,Completers within 150% of normal time
169327,49,34,15,Incoming cohort (minus exclusions)
169327,24,12,12,Completers within 150% of normal time
169363,152,83,69,Incoming cohort (minus exclusions)
169363,78,32,46,Completers within 150% of normal time
169442,259,109,150,Incoming cohort (minus exclusions)
169442,160,69,91,Completers within 150% of normal time
169479,434,268,166,Incoming cohort (minus exclusions)
169479,211,110,101,Completers within 150% of normal time
169716,503,195,308,Incoming cohort (minus exclusions)
169716,336,114,222,Completers within 150% of normal time
169798,2846,1124,1722,Incoming cohort (minus exclusions)
169798,1372,490,882,Completers within 150% of normal time
169910,625,279,346,Incoming cohort (minus exclusions)
169910,348,148,200,Completers within 150% of normal time
169983,434,359,75,Incoming cohort (minus exclusions)
169983,302,246,56,Completers within 150% of normal time
170000,84,47,37,Incoming cohort (minus exclusions)
170000,48,28,20,Completers within 150% of normal time
170037,295,115,180,Incoming cohort (minus exclusions)
170037,178,70,108,Completers within 150% of normal time
170082,4091,1547,2544,Incoming cohort (minus exclusions)
170082,2745,978,1767,Completers within 150% of normal time
170091,44,23,21,Incoming cohort (minus exclusions)
170091,13,3,10,Completers within 150% of normal time
170286,362,177,185,Incoming cohort (minus exclusions)
170286,317,157,160,Completers within 150% of normal time
170301,785,324,461,Incoming cohort (minus exclusions)
170301,633,239,394,Completers within 150% of normal time
170444,5,4,1,Incoming cohort (minus exclusions)
170444,2,1,1,Completers within 150% of normal time
170532,364,159,205,Incoming cohort (minus exclusions)
170532,278,116,162,Completers within 150% of normal time
170639,379,188,191,Incoming cohort (minus exclusions)
170639,204,101,103,Completers within 150% of normal time
170675,340,256,84,Incoming cohort (minus exclusions)
170675,189,138,51,Completers within 150% of normal time
170806,175,53,122,Incoming cohort (minus exclusions)
170806,112,23,89,Completers within 150% of normal time
170967,121,49,72,Incoming cohort (minus exclusions)
170967,48,14,34,Completers within 150% of normal time
170976,6049,2965,3084,Incoming cohort (minus exclusions)
170976,5665,2759,2906,Completers within 150% of normal time
171100,7843,3636,4207,Incoming cohort (minus exclusions)
171100,6456,2912,3544,Completers within 150% of normal time
171128,1275,910,365,Incoming cohort (minus exclusions)
171128,881,607,274,Completers within 150% of normal time
171137,959,543,416,Incoming cohort (minus exclusions)
171137,540,290,250,Completers within 150% of normal time
171146,587,231,356,Incoming cohort (minus exclusions)
171146,209,74,135,Completers within 150% of normal time
171456,1035,441,594,Incoming cohort (minus exclusions)
171456,554,214,340,Completers within 150% of normal time
171483,16,16,0,Incoming cohort (minus exclusions)
171483,12,12,0,Completers within 150% of normal time
171492,336,223,113,Incoming cohort (minus exclusions)
171492,207,128,79,Completers within 150% of normal time
171571,2582,1127,1455,Incoming cohort (minus exclusions)
171571,1448,580,868,Completers within 150% of normal time
171599,238,151,87,Incoming cohort (minus exclusions)
171599,105,56,49,Completers within 150% of normal time
171881,38,17,21,Incoming cohort (minus exclusions)
171881,18,6,12,Completers within 150% of normal time
172033,6,5,1,Incoming cohort (minus exclusions)
172033,6,5,1,Completers within 150% of normal time
172051,1556,719,837,Incoming cohort (minus exclusions)
172051,661,261,400,Completers within 150% of normal time
172264,302,153,149,Incoming cohort (minus exclusions)
172264,154,68,86,Completers within 150% of normal time
172334,290,124,166,Incoming cohort (minus exclusions)
172334,187,75,112,Completers within 150% of normal time
172440,141,92,49,Incoming cohort (minus exclusions)
172440,29,15,14,Completers within 150% of normal time
172644,2319,1051,1268,Incoming cohort (minus exclusions)
172644,1293,558,735,Completers within 150% of normal time
172699,2950,1461,1489,Incoming cohort (minus exclusions)
172699,1660,771,889,Completers within 150% of normal time
172866,5,5,0,Incoming cohort (minus exclusions)
172866,5,5,0,Completers within 150% of normal time
173045,477,223,254,Incoming cohort (minus exclusions)
173045,277,123,154,Completers within 150% of normal time
173124,727,338,389,Incoming cohort (minus exclusions)
173124,346,143,203,Completers within 150% of normal time
173142,134,63,71,Incoming cohort (minus exclusions)
173142,84,39,45,Completers within 150% of normal time
173160,615,255,360,Incoming cohort (minus exclusions)
173160,457,180,277,Completers within 150% of normal time
173258,491,242,249,Incoming cohort (minus exclusions)
173258,449,221,228,Completers within 150% of normal time
173300,520,206,314,Incoming cohort (minus exclusions)
173300,386,138,248,Completers within 150% of normal time
173328,229,113,116,Incoming cohort (minus exclusions)
173328,121,51,70,Completers within 150% of normal time
173452,171,84,87,Incoming cohort (minus exclusions)
173452,128,60,68,Completers within 150% of normal time
173647,611,281,330,Incoming cohort (minus exclusions)
173647,479,208,271,Completers within 150% of normal time
173665,510,193,317,Incoming cohort (minus exclusions)
173665,331,113,218,Completers within 150% of normal time
173902,582,232,350,Incoming cohort (minus exclusions)
173902,522,204,318,Completers within 150% of normal time
173920,2379,1055,1324,Incoming cohort (minus exclusions)
173920,1233,507,726,Completers within 150% of normal time
174020,73,35,38,Incoming cohort (minus exclusions)
174020,28,9,19,Completers within 150% of normal time
174066,5755,2639,3116,Incoming cohort (minus exclusions)
174066,4846,2168,2678,Completers within 150% of normal time
174075,207,114,93,Incoming cohort (minus exclusions)
174075,116,58,58,Completers within 150% of normal time
174127,145,39,106,Incoming cohort (minus exclusions)
174127,96,26,70,Completers within 150% of normal time
174154,6,1,5,Incoming cohort (minus exclusions)
174154,3,0,3,Completers within 150% of normal time
174233,1987,1024,963,Incoming cohort (minus exclusions)
174233,1285,657,628,Completers within 150% of normal time
174251,414,172,242,Incoming cohort (minus exclusions)
174251,239,93,146,Completers within 150% of normal time
174358,715,270,445,Incoming cohort (minus exclusions)
174358,407,120,287,Completers within 150% of normal time
174437,218,96,122,Incoming cohort (minus exclusions)
174437,130,64,66,Completers within 150% of normal time
174491,439,196,243,Incoming cohort (minus exclusions)
174491,298,118,180,Completers within 150% of normal time
174525,10,6,4,Incoming cohort (minus exclusions)
174525,2,1,1,Completers within 150% of normal time
174747,476,0,476,Incoming cohort (minus exclusions)
174747,365,0,365,Completers within 150% of normal time
174783,1780,822,958,Incoming cohort (minus exclusions)
174783,840,389,451,Completers within 150% of normal time
174792,451,451,0,Incoming cohort (minus exclusions)
174792,355,355,0,Completers within 150% of normal time
174817,277,126,151,Incoming cohort (minus exclusions)
174817,157,70,87,Completers within 150% of normal time
174844,761,349,412,Incoming cohort (minus exclusions)
174844,647,287,360,Completers within 150% of normal time
174862,146,71,75,Incoming cohort (minus exclusions)
174862,89,34,55,Completers within 150% of normal time
174899,442,148,294,Incoming cohort (minus exclusions)
174899,288,95,193,Completers within 150% of normal time
174914,1420,711,709,Incoming cohort (minus exclusions)
174914,1109,542,567,Completers within 150% of normal time
175005,398,2,396,Incoming cohort (minus exclusions)
175005,239,2,237,Completers within 150% of normal time
175078,444,208,236,Incoming cohort (minus exclusions)
175078,212,88,124,Completers within 150% of normal time
175227,3,1,2,Incoming cohort (minus exclusions)
175227,1,0,1,Completers within 150% of normal time
175272,1616,538,1078,Incoming cohort (minus exclusions)
175272,1018,317,701,Completers within 150% of normal time
175342,597,242,355,Incoming cohort (minus exclusions)
175342,250,92,158,Completers within 150% of normal time
175421,246,102,144,Incoming cohort (minus exclusions)
175421,132,42,90,Completers within 150% of normal time
175430,55,31,24,Incoming cohort (minus exclusions)
175430,32,13,19,Completers within 150% of normal time
175616,321,130,191,Incoming cohort (minus exclusions)
175616,141,54,87,Completers within 150% of normal time
175856,1222,514,708,Incoming cohort (minus exclusions)
175856,476,187,289,Completers within 150% of normal time
175980,221,118,103,Incoming cohort (minus exclusions)
175980,136,70,66,Completers within 150% of normal time
176017,3888,1650,2238,Incoming cohort (minus exclusions)
176017,2659,1046,1613,Completers within 150% of normal time
176035,233,65,168,Incoming cohort (minus exclusions)
176035,104,16,88,Completers within 150% of normal time
176044,369,186,183,Incoming cohort (minus exclusions)
176044,100,38,62,Completers within 150% of normal time
176053,593,221,372,Incoming cohort (minus exclusions)
176053,372,114,258,Completers within 150% of normal time
176080,3454,1618,1836,Incoming cohort (minus exclusions)
176080,2063,940,1123,Completers within 150% of normal time
176318,235,101,134,Incoming cohort (minus exclusions)
176318,62,21,41,Completers within 150% of normal time
176372,1512,492,1020,Incoming cohort (minus exclusions)
176372,783,233,550,Completers within 150% of normal time
176406,154,56,98,Incoming cohort (minus exclusions)
176406,52,12,40,Completers within 150% of normal time
176479,229,89,140,Incoming cohort (minus exclusions)
176479,138,45,93,Completers within 150% of normal time
176628,202,95,107,Incoming cohort (minus exclusions)
176628,79,30,49,Completers within 150% of normal time
176664,88,40,48,Incoming cohort (minus exclusions)
176664,27,11,16,Completers within 150% of normal time
176789,27,12,15,Incoming cohort (minus exclusions)
176789,12,4,8,Completers within 150% of normal time
176910,33,18,15,Incoming cohort (minus exclusions)
176910,17,10,7,Completers within 150% of normal time
176947,275,146,129,Incoming cohort (minus exclusions)
176947,129,59,70,Completers within 150% of normal time
176965,1639,695,944,Incoming cohort (minus exclusions)
176965,861,321,540,Completers within 150% of normal time
177038,3,1,2,Incoming cohort (minus exclusions)
177038,2,0,2,Completers within 150% of normal time
177065,334,139,195,Incoming cohort (minus exclusions)
177065,120,45,75,Completers within 150% of normal time
177083,19,19,0,Incoming cohort (minus exclusions)
177083,7,7,0,Completers within 150% of normal time
177117,69,0,69,Incoming cohort (minus exclusions)
177117,61,0,61,Completers within 150% of normal time
177144,260,129,131,Incoming cohort (minus exclusions)
177144,127,46,81,Completers within 150% of normal time
177214,282,123,159,Incoming cohort (minus exclusions)
177214,170,63,107,Completers within 150% of normal time
177339,362,156,206,Incoming cohort (minus exclusions)
177339,229,91,138,Completers within 150% of normal time
177418,178,75,103,Incoming cohort (minus exclusions)
177418,109,40,69,Completers within 150% of normal time
177542,144,62,82,Incoming cohort (minus exclusions)
177542,52,21,31,Completers within 150% of normal time
177551,265,91,174,Incoming cohort (minus exclusions)
177551,50,20,30,Completers within 150% of normal time
177746,145,37,108,Incoming cohort (minus exclusions)
177746,90,21,69,Completers within 150% of normal time
177816,16,16,0,Incoming cohort (minus exclusions)
177816,11,11,0,Completers within 150% of normal time
177940,536,252,284,Incoming cohort (minus exclusions)
177940,144,49,95,Completers within 150% of normal time
177968,1216,574,642,Incoming cohort (minus exclusions)
177968,646,274,372,Completers within 150% of normal time
178059,381,133,248,Incoming cohort (minus exclusions)
178059,279,90,189,Completers within 150% of normal time
178208,33,20,13,Incoming cohort (minus exclusions)
178208,17,8,9,Completers within 150% of normal time
178244,227,137,90,Incoming cohort (minus exclusions)
178244,95,41,54,Completers within 150% of normal time
178341,854,361,493,Incoming cohort (minus exclusions)
178341,320,108,212,Completers within 150% of normal time
178369,432,273,159,Incoming cohort (minus exclusions)
178369,109,52,57,Completers within 150% of normal time
178387,764,307,457,Incoming cohort (minus exclusions)
178387,287,113,174,Completers within 150% of normal time
178396,6025,2824,3201,Incoming cohort (minus exclusions)
178396,4369,1935,2434,Completers within 150% of normal time
178402,1020,392,628,Incoming cohort (minus exclusions)
178402,579,214,365,Completers within 150% of normal time
178411,1466,1123,343,Incoming cohort (minus exclusions)
178411,930,679,251,Completers within 150% of normal time
178420,497,214,283,Incoming cohort (minus exclusions)
178420,286,115,171,Completers within 150% of normal time
178615,1256,501,755,Incoming cohort (minus exclusions)
178615,905,340,565,Completers within 150% of normal time
178624,1342,538,804,Incoming cohort (minus exclusions)
178624,689,253,436,Completers within 150% of normal time
178679,133,62,71,Incoming cohort (minus exclusions)
178679,88,47,41,Completers within 150% of normal time
178697,344,145,199,Incoming cohort (minus exclusions)
178697,215,89,126,Completers within 150% of normal time
178721,139,49,90,Incoming cohort (minus exclusions)
178721,37,15,22,Completers within 150% of normal time
178767,6,0,6,Incoming cohort (minus exclusions)
178767,6,0,6,Completers within 150% of normal time
178891,11,10,1,Incoming cohort (minus exclusions)
178891,8,7,1,Completers within 150% of normal time
179043,318,126,192,Incoming cohort (minus exclusions)
179043,236,85,151,Completers within 150% of normal time
179159,1622,664,958,Incoming cohort (minus exclusions)
179159,1297,507,790,Completers within 150% of normal time
179256,10,9,1,Incoming cohort (minus exclusions)
179256,4,4,0,Completers within 150% of normal time
179265,188,73,115,Incoming cohort (minus exclusions)
179265,144,59,85,Completers within 150% of normal time
179326,423,182,241,Incoming cohort (minus exclusions)
179326,220,80,140,Completers within 150% of normal time
179548,189,0,189,Incoming cohort (minus exclusions)
179548,101,0,101,Completers within 150% of normal time
179557,1554,662,892,Incoming cohort (minus exclusions)
179557,842,322,520,Completers within 150% of normal time
179566,3196,1169,2027,Incoming cohort (minus exclusions)
179566,1901,635,1266,Completers within 150% of normal time
179867,1716,822,894,Incoming cohort (minus exclusions)
179867,1598,752,846,Completers within 150% of normal time
179894,412,172,240,Incoming cohort (minus exclusions)
179894,235,84,151,Completers within 150% of normal time
179946,239,123,116,Incoming cohort (minus exclusions)
179946,125,59,66,Completers within 150% of normal time
179955,245,119,126,Incoming cohort (minus exclusions)
179955,160,71,89,Completers within 150% of normal time
179964,190,51,139,Incoming cohort (minus exclusions)
179964,105,28,77,Completers within 150% of normal time
180106,387,176,211,Incoming cohort (minus exclusions)
180106,261,121,140,Completers within 150% of normal time
180179,391,154,237,Incoming cohort (minus exclusions)
180179,113,37,76,Completers within 150% of normal time
180258,163,88,75,Incoming cohort (minus exclusions)
180258,63,34,29,Completers within 150% of normal time
180416,286,212,74,Incoming cohort (minus exclusions)
180416,164,114,50,Completers within 150% of normal time
180461,2499,1417,1082,Incoming cohort (minus exclusions)
180461,1362,708,654,Completers within 150% of normal time
180489,1298,559,739,Incoming cohort (minus exclusions)
180489,658,256,402,Completers within 150% of normal time
180522,80,62,18,Incoming cohort (minus exclusions)
180522,33,25,8,Completers within 150% of normal time
180595,239,112,127,Incoming cohort (minus exclusions)
180595,125,56,69,Completers within 150% of normal time
180647,45,17,28,Incoming cohort (minus exclusions)
180647,22,8,14,Completers within 150% of normal time
180692,200,80,120,Incoming cohort (minus exclusions)
180692,92,35,57,Completers within 150% of normal time
180814,53,27,26,Incoming cohort (minus exclusions)
180814,12,4,8,Completers within 150% of normal time
180832,25,1,24,Incoming cohort (minus exclusions)
180832,17,0,17,Completers within 150% of normal time
180878,43,4,39,Incoming cohort (minus exclusions)
180878,30,2,28,Completers within 150% of normal time
180948,413,184,229,Incoming cohort (minus exclusions)
180948,160,62,98,Completers within 150% of normal time
180984,347,171,176,Incoming cohort (minus exclusions)
180984,202,78,124,Completers within 150% of normal time
181002,1041,463,578,Incoming cohort (minus exclusions)
181002,816,362,454,Completers within 150% of normal time
181020,330,196,134,Incoming cohort (minus exclusions)
181020,194,112,82,Completers within 150% of normal time
181127,293,161,132,Incoming cohort (minus exclusions)
181127,145,66,79,Completers within 150% of normal time
181215,767,320,447,Incoming cohort (minus exclusions)
181215,436,154,282,Completers within 150% of normal time
181297,22,1,21,Incoming cohort (minus exclusions)
181297,16,0,16,Completers within 150% of normal time
181330,309,184,125,Incoming cohort (minus exclusions)
181330,139,72,67,Completers within 150% of normal time
181394,1510,735,775,Incoming cohort (minus exclusions)
181394,786,350,436,Completers within 150% of normal time
181446,439,207,232,Incoming cohort (minus exclusions)
181446,289,123,166,Completers within 150% of normal time
181464,4108,2253,1855,Incoming cohort (minus exclusions)
181464,2729,1412,1317,Completers within 150% of normal time
181534,248,126,122,Incoming cohort (minus exclusions)
181534,99,37,62,Completers within 150% of normal time
181543,1,1,0,Incoming cohort (minus exclusions)
181543,1,1,0,Completers within 150% of normal time
181604,74,0,74,Incoming cohort (minus exclusions)
181604,44,0,44,Completers within 150% of normal time
181738,153,52,101,Incoming cohort (minus exclusions)
181738,93,32,61,Completers within 150% of normal time
181783,630,260,370,Incoming cohort (minus exclusions)
181783,315,122,193,Completers within 150% of normal time
181853,108,72,36,Incoming cohort (minus exclusions)
181853,46,25,21,Completers within 150% of normal time
182281,3654,1503,2151,Incoming cohort (minus exclusions)
182281,1723,639,1084,Completers within 150% of normal time
182290,3797,1793,2004,Incoming cohort (minus exclusions)
182290,2380,1071,1309,Completers within 150% of normal time
182306,49,25,24,Incoming cohort (minus exclusions)
182306,22,15,7,Completers within 150% of normal time
182458,88,49,39,Incoming cohort (minus exclusions)
182458,30,16,14,Completers within 150% of normal time
182634,268,89,179,Incoming cohort (minus exclusions)
182634,173,50,123,Completers within 150% of normal time
182670,1110,558,552,Incoming cohort (minus exclusions)
182670,1039,507,532,Completers within 150% of normal time
182795,424,212,212,Incoming cohort (minus exclusions)
182795,176,77,99,Completers within 150% of normal time
182917,34,12,22,Incoming cohort (minus exclusions)
182917,23,7,16,Completers within 150% of normal time
182980,453,202,251,Incoming cohort (minus exclusions)
182980,106,41,65,Completers within 150% of normal time
183026,1666,661,1005,Incoming cohort (minus exclusions)
183026,624,234,390,Completers within 150% of normal time
183044,3116,1407,1709,Incoming cohort (minus exclusions)
183044,2438,1073,1365,Completers within 150% of normal time
183062,913,383,530,Incoming cohort (minus exclusions)
183062,547,233,314,Completers within 150% of normal time
183071,42,16,26,Incoming cohort (minus exclusions)
183071,28,8,20,Completers within 150% of normal time
183080,1343,634,709,Incoming cohort (minus exclusions)
183080,716,320,396,Completers within 150% of normal time
183211,179,54,125,Incoming cohort (minus exclusions)
183211,110,32,78,Completers within 150% of normal time
183239,528,217,311,Incoming cohort (minus exclusions)
183239,409,150,259,Completers within 150% of normal time
183257,33,13,20,Incoming cohort (minus exclusions)
183257,5,1,4,Completers within 150% of normal time
183275,10,4,6,Incoming cohort (minus exclusions)
183275,9,4,5,Completers within 150% of normal time
183789,165,79,86,Incoming cohort (minus exclusions)
183789,69,31,38,Completers within 150% of normal time
183822,428,151,277,Incoming cohort (minus exclusions)
183822,161,40,121,Completers within 150% of normal time
183910,332,85,247,Incoming cohort (minus exclusions)
183910,196,49,147,Completers within 150% of normal time
183974,225,91,134,Incoming cohort (minus exclusions)
183974,154,62,92,Completers within 150% of normal time
184348,356,144,212,Incoming cohort (minus exclusions)
184348,263,103,160,Completers within 150% of normal time
184603,410,179,231,Incoming cohort (minus exclusions)
184603,219,92,127,Completers within 150% of normal time
184612,296,82,214,Incoming cohort (minus exclusions)
184612,154,31,123,Completers within 150% of normal time
184694,692,319,373,Incoming cohort (minus exclusions)
184694,429,189,240,Completers within 150% of normal time
184773,149,48,101,Incoming cohort (minus exclusions)
184773,87,23,64,Completers within 150% of normal time
184782,2216,1292,924,Incoming cohort (minus exclusions)
184782,1520,838,682,Completers within 150% of normal time
184959,1,0,1,Incoming cohort (minus exclusions)
184959,1,0,1,Completers within 150% of normal time
185129,787,364,423,Incoming cohort (minus exclusions)
185129,307,118,189,Completers within 150% of normal time
185262,1490,640,850,Incoming cohort (minus exclusions)
185262,711,273,438,Completers within 150% of normal time
185572,1128,457,671,Incoming cohort (minus exclusions)
185572,781,310,471,Completers within 150% of normal time
185590,3097,1147,1950,Incoming cohort (minus exclusions)
185590,2085,725,1360,Completers within 150% of normal time
185828,977,757,220,Incoming cohort (minus exclusions)
185828,720,535,185,Completers within 150% of normal time
186131,1316,692,624,Incoming cohort (minus exclusions)
186131,1284,668,616,Completers within 150% of normal time
186186,41,41,0,Incoming cohort (minus exclusions)
186186,5,5,0,Completers within 150% of normal time
186201,927,433,494,Incoming cohort (minus exclusions)
186201,665,300,365,Completers within 150% of normal time
186283,861,385,476,Incoming cohort (minus exclusions)
186283,524,216,308,Completers within 150% of normal time
186371,422,184,238,Incoming cohort (minus exclusions)
186371,299,115,184,Completers within 150% of normal time
186380,6386,3187,3199,Incoming cohort (minus exclusions)
186380,5350,2560,2790,Completers within 150% of normal time
186399,1191,559,632,Incoming cohort (minus exclusions)
186399,773,321,452,Completers within 150% of normal time
186432,567,223,344,Incoming cohort (minus exclusions)
186432,331,112,219,Completers within 150% of normal time
186584,1404,672,732,Incoming cohort (minus exclusions)
186584,1010,429,581,Completers within 150% of normal time
186618,101,0,101,Incoming cohort (minus exclusions)
186618,39,0,39,Completers within 150% of normal time
186867,684,494,190,Incoming cohort (minus exclusions)
186867,597,430,167,Completers within 150% of normal time
186876,1143,427,716,Incoming cohort (minus exclusions)
186876,871,304,567,Completers within 150% of normal time
186900,17,17,0,Incoming cohort (minus exclusions)
186900,1,1,0,Completers within 150% of normal time
187134,1451,592,859,Incoming cohort (minus exclusions)
187134,1261,500,761,Completers within 150% of normal time
187444,1291,639,652,Incoming cohort (minus exclusions)
187444,707,312,395,Completers within 150% of normal time
187596,17,11,6,Incoming cohort (minus exclusions)
187596,4,1,3,Completers within 150% of normal time
187648,593,282,311,Incoming cohort (minus exclusions)
187648,238,106,132,Completers within 150% of normal time
187745,24,10,14,Incoming cohort (minus exclusions)
187745,7,1,6,Completers within 150% of normal time
187897,298,151,147,Incoming cohort (minus exclusions)
187897,79,27,52,Completers within 150% of normal time
187967,333,253,80,Incoming cohort (minus exclusions)
187967,184,130,54,Completers within 150% of normal time
187985,3281,1416,1865,Incoming cohort (minus exclusions)
187985,1758,698,1060,Completers within 150% of normal time
188030,1970,914,1056,Incoming cohort (minus exclusions)
188030,993,437,556,Completers within 150% of normal time
188058,49,31,18,Incoming cohort (minus exclusions)
188058,23,8,15,Completers within 150% of normal time
188182,88,48,40,Incoming cohort (minus exclusions)
188182,8,4,4,Completers within 150% of normal time
188304,153,90,63,Incoming cohort (minus exclusions)
188304,39,19,20,Completers within 150% of normal time
188340,77,71,6,Incoming cohort (minus exclusions)
188340,35,32,3,Completers within 150% of normal time
188429,847,290,557,Incoming cohort (minus exclusions)
188429,604,206,398,Completers within 150% of normal time
188517,1,0,1,Incoming cohort (minus exclusions)
188517,1,0,1,Completers within 150% of normal time
188526,40,16,24,Incoming cohort (minus exclusions)
188526,29,12,17,Completers within 150% of normal time
188641,454,232,222,Incoming cohort (minus exclusions)
188641,272,126,146,Completers within 150% of normal time
188854,199,65,134,Incoming cohort (minus exclusions)
188854,136,39,97,Completers within 150% of normal time
189088,453,192,261,Incoming cohort (minus exclusions)
189088,320,131,189,Completers within 150% of normal time
189097,625,0,625,Incoming cohort (minus exclusions)
189097,580,0,580,Completers within 150% of normal time
189228,295,129,166,Incoming cohort (minus exclusions)
189228,104,40,64,Completers within 150% of normal time
189413,93,25,68,Incoming cohort (minus exclusions)
189413,85,21,64,Completers within 150% of normal time
189705,599,275,324,Incoming cohort (minus exclusions)
189705,423,200,223,Completers within 150% of normal time
189848,250,67,183,Incoming cohort (minus exclusions)
189848,139,36,103,Completers within 150% of normal time
189857,62,62,0,Incoming cohort (minus exclusions)
189857,11,11,0,Completers within 150% of normal time
190044,791,559,232,Incoming cohort (minus exclusions)
190044,598,410,188,Completers within 150% of normal time
190099,771,342,429,Incoming cohort (minus exclusions)
190099,696,303,393,Completers within 150% of normal time
190114,47,16,31,Incoming cohort (minus exclusions)
190114,11,3,8,Completers within 150% of normal time
190150,1441,755,686,Incoming cohort (minus exclusions)
190150,1403,734,669,Completers within 150% of normal time
190372,229,163,66,Incoming cohort (minus exclusions)
190372,191,131,60,Completers within 150% of normal time
190415,3173,1513,1660,Incoming cohort (minus exclusions)
190415,2987,1403,1584,Completers within 150% of normal time
190512,1468,807,661,Incoming cohort (minus exclusions)
190512,1085,560,525,Completers within 150% of normal time
190549,1327,649,678,Incoming cohort (minus exclusions)
190549,745,309,436,Completers within 150% of normal time
190558,714,347,367,Incoming cohort (minus exclusions)
190558,367,156,211,Completers within 150% of normal time
190567,1607,854,753,Incoming cohort (minus exclusions)
190567,922,437,485,Completers within 150% of normal time
190594,2168,866,1302,Incoming cohort (minus exclusions)
190594,1250,430,820,Completers within 150% of normal time
190600,1479,612,867,Incoming cohort (minus exclusions)
190600,801,310,491,Completers within 150% of normal time
190637,610,217,393,Incoming cohort (minus exclusions)
190637,324,101,223,Completers within 150% of normal time
190646,107,38,69,Incoming cohort (minus exclusions)
190646,35,9,26,Completers within 150% of normal time
190655,559,449,110,Incoming cohort (minus exclusions)
190655,205,152,53,Completers within 150% of normal time
190664,1536,715,821,Incoming cohort (minus exclusions)
190664,848,304,544,Completers within 150% of normal time
190691,995,370,625,Incoming cohort (minus exclusions)
190691,332,104,228,Completers within 150% of normal time
190716,235,61,174,Incoming cohort (minus exclusions)
190716,151,37,114,Completers within 150% of normal time
190725,384,122,262,Incoming cohort (minus exclusions)
190725,220,64,156,Completers within 150% of normal time
190752,11,11,0,Incoming cohort (minus exclusions)
190752,1,1,0,Completers within 150% of normal time
190761,363,142,221,Incoming cohort (minus exclusions)
190761,158,46,112,Completers within 150% of normal time
190983,252,86,166,Incoming cohort (minus exclusions)
190983,163,44,119,Completers within 150% of normal time
191205,103,76,27,Incoming cohort (minus exclusions)
191205,44,35,9,Completers within 150% of normal time
191241,2191,873,1318,Incoming cohort (minus exclusions)
191241,1822,724,1098,Completers within 150% of normal time
191515,471,226,245,Incoming cohort (minus exclusions)
191515,431,206,225,Completers within 150% of normal time
191533,291,126,165,Incoming cohort (minus exclusions)
191533,165,65,100,Completers within 150% of normal time
191621,150,66,84,Incoming cohort (minus exclusions)
191621,86,38,48,Completers within 150% of normal time
191630,631,333,298,Incoming cohort (minus exclusions)
191630,461,231,230,Completers within 150% of normal time
191649,1634,673,961,Incoming cohort (minus exclusions)
191649,1139,461,678,Completers within 150% of normal time
191676,243,93,150,Incoming cohort (minus exclusions)
191676,157,54,103,Completers within 150% of normal time
191931,837,421,416,Incoming cohort (minus exclusions)
191931,518,257,261,Completers within 150% of normal time
191968,1805,752,1053,Incoming cohort (minus exclusions)
191968,1393,550,843,Completers within 150% of normal time
192040,39,19,20,Incoming cohort (minus exclusions)
192040,34,19,15,Completers within 150% of normal time
192110,109,50,59,Incoming cohort (minus exclusions)
192110,95,39,56,Completers within 150% of normal time
192165,42,42,0,Incoming cohort (minus exclusions)
192165,24,24,0,Completers within 150% of normal time
192192,317,91,226,Incoming cohort (minus exclusions)
192192,159,43,116,Completers within 150% of normal time
192271,264,15,249,Incoming cohort (minus exclusions)
192271,153,7,146,Completers within 150% of normal time
192323,631,261,370,Incoming cohort (minus exclusions)
192323,478,188,290,Completers within 150% of normal time
192448,1053,378,675,Incoming cohort (minus exclusions)
192448,486,163,323,Completers within 150% of normal time
192624,34,34,0,Incoming cohort (minus exclusions)
192624,8,8,0,Completers within 150% of normal time
192703,900,453,447,Incoming cohort (minus exclusions)
192703,694,339,355,Completers within 150% of normal time
192712,112,57,55,Incoming cohort (minus exclusions)
192712,81,41,40,Completers within 150% of normal time
192749,449,155,294,Incoming cohort (minus exclusions)
192749,275,89,186,Completers within 150% of normal time
192785,14,2,12,Incoming cohort (minus exclusions)
192785,9,1,8,Completers within 150% of normal time
192819,1209,496,713,Incoming cohort (minus exclusions)
192819,988,392,596,Completers within 150% of normal time
192864,514,112,402,Incoming cohort (minus exclusions)
192864,304,66,238,Completers within 150% of normal time
192925,296,100,196,Incoming cohort (minus exclusions)
192925,125,33,92,Completers within 150% of normal time
193016,908,278,630,Incoming cohort (minus exclusions)
193016,447,136,311,Completers within 150% of normal time
193052,6,6,0,Incoming cohort (minus exclusions)
193052,2,2,0,Completers within 150% of normal time
193061,4,4,0,Incoming cohort (minus exclusions)
193061,1,1,0,Completers within 150% of normal time
193070,19,19,0,Incoming cohort (minus exclusions)
193070,2,2,0,Completers within 150% of normal time
193247,52,52,0,Incoming cohort (minus exclusions)
193247,5,5,0,Completers within 150% of normal time
193292,534,155,379,Incoming cohort (minus exclusions)
193292,376,102,274,Completers within 150% of normal time
193308,377,122,255,Incoming cohort (minus exclusions)
193308,289,85,204,Completers within 150% of normal time
193353,421,124,297,Incoming cohort (minus exclusions)
193353,263,69,194,Completers within 150% of normal time
193399,321,104,217,Incoming cohort (minus exclusions)
193399,181,54,127,Completers within 150% of normal time
193584,519,149,370,Incoming cohort (minus exclusions)
193584,378,100,278,Completers within 150% of normal time
193654,1232,304,928,Incoming cohort (minus exclusions)
193654,862,198,664,Completers within 150% of normal time
193900,5872,2515,3357,Incoming cohort (minus exclusions)
193900,5102,2140,2962,Completers within 150% of normal time
193973,637,235,402,Incoming cohort (minus exclusions)
193973,449,166,283,Completers within 150% of normal time
194091,697,477,220,Incoming cohort (minus exclusions)
194091,388,251,137,Completers within 150% of normal time
194116,1,0,1,Incoming cohort (minus exclusions)
194116,1,0,1,Completers within 150% of normal time
194161,201,84,117,Incoming cohort (minus exclusions)
194161,81,30,51,Completers within 150% of normal time
194189,5,5,0,Incoming cohort (minus exclusions)
194189,1,1,0,Completers within 150% of normal time
194310,2051,743,1308,Incoming cohort (minus exclusions)
194310,1212,425,787,Completers within 150% of normal time
194392,201,130,71,Incoming cohort (minus exclusions)
194392,114,72,42,Completers within 150% of normal time
194569,23,15,8,Incoming cohort (minus exclusions)
194569,13,8,5,Completers within 150% of normal time
194578,790,197,593,Incoming cohort (minus exclusions)
194578,564,130,434,Completers within 150% of normal time
194657,31,31,0,Incoming cohort (minus exclusions)
194657,3,3,0,Completers within 150% of normal time
194666,60,60,0,Incoming cohort (minus exclusions)
194666,51,51,0,Completers within 150% of normal time
194693,21,21,0,Incoming cohort (minus exclusions)
194693,9,9,0,Completers within 150% of normal time
194736,36,36,0,Incoming cohort (minus exclusions)
194736,14,14,0,Completers within 150% of normal time
194763,93,93,0,Incoming cohort (minus exclusions)
194763,23,23,0,Completers within 150% of normal time
194824,1379,935,444,Incoming cohort (minus exclusions)
194824,1161,771,390,Completers within 150% of normal time
194958,236,74,162,Incoming cohort (minus exclusions)
194958,150,44,106,Completers within 150% of normal time
195003,2711,1923,788,Incoming cohort (minus exclusions)
195003,1919,1301,618,Completers within 150% of normal time
195030,1400,735,665,Incoming cohort (minus exclusions)
195030,1202,613,589,Completers within 150% of normal time
195128,262,42,220,Incoming cohort (minus exclusions)
195128,164,24,140,Completers within 150% of normal time
195164,390,201,189,Incoming cohort (minus exclusions)
195164,277,136,141,Completers within 150% of normal time
195173,533,229,304,Incoming cohort (minus exclusions)
195173,279,109,170,Completers within 150% of normal time
195216,678,294,384,Incoming cohort (minus exclusions)
195216,555,228,327,Completers within 150% of normal time
195234,629,189,440,Incoming cohort (minus exclusions)
195234,371,99,272,Completers within 150% of normal time
195243,272,142,130,Incoming cohort (minus exclusions)
195243,151,68,83,Completers within 150% of normal time
195304,353,96,257,Incoming cohort (minus exclusions)
195304,270,74,196,Completers within 150% of normal time
195474,753,355,398,Incoming cohort (minus exclusions)
195474,583,271,312,Completers within 150% of normal time
195526,684,255,429,Incoming cohort (minus exclusions)
195526,572,215,357,Completers within 150% of normal time
195544,507,157,350,Incoming cohort (minus exclusions)
195544,359,107,252,Completers within 150% of normal time
195720,552,224,328,Incoming cohort (minus exclusions)
195720,403,155,248,Completers within 150% of normal time
195809,3236,1340,1896,Incoming cohort (minus exclusions)
195809,2210,859,1351,Completers within 150% of normal time
196006,231,174,57,Incoming cohort (minus exclusions)
196006,113,79,34,Completers within 150% of normal time
196015,126,65,61,Incoming cohort (minus exclusions)
196015,60,28,32,Completers within 150% of normal time
196024,78,50,28,Incoming cohort (minus exclusions)
196024,45,26,19,Completers within 150% of normal time
196033,171,74,97,Incoming cohort (minus exclusions)
196033,92,35,57,Completers within 150% of normal time
196042,542,356,186,Incoming cohort (minus exclusions)
196042,294,183,111,Completers within 150% of normal time
196051,167,108,59,Incoming cohort (minus exclusions)
196051,59,38,21,Completers within 150% of normal time
196060,2588,1295,1293,Incoming cohort (minus exclusions)
196060,1715,803,912,Completers within 150% of normal time
196079,2583,1366,1217,Incoming cohort (minus exclusions)
196079,2165,1103,1062,Completers within 150% of normal time
196088,3429,2074,1355,Incoming cohort (minus exclusions)
196088,2530,1427,1103,Completers within 150% of normal time
196097,2833,1586,1247,Incoming cohort (minus exclusions)
196097,2200,1188,1012,Completers within 150% of normal time
196103,318,155,163,Incoming cohort (minus exclusions)
196103,243,121,122,Completers within 150% of normal time
196112,347,265,82,Incoming cohort (minus exclusions)
196112,227,168,59,Completers within 150% of normal time
196121,1141,484,657,Incoming cohort (minus exclusions)
196121,721,285,436,Completers within 150% of normal time
196130,1835,790,1045,Incoming cohort (minus exclusions)
196130,756,281,475,Completers within 150% of normal time
196149,1214,530,684,Incoming cohort (minus exclusions)
196149,788,298,490,Completers within 150% of normal time
196158,918,341,577,Incoming cohort (minus exclusions)
196158,569,184,385,Completers within 150% of normal time
196167,1327,482,845,Incoming cohort (minus exclusions)
196167,1010,335,675,Completers within 150% of normal time
196176,1069,368,701,Incoming cohort (minus exclusions)
196176,784,249,535,Completers within 150% of normal time
196185,1130,398,732,Incoming cohort (minus exclusions)
196185,836,262,574,Completers within 150% of normal time
196194,1481,728,753,Incoming cohort (minus exclusions)
196194,983,455,528,Completers within 150% of normal time
196200,848,341,507,Incoming cohort (minus exclusions)
196200,422,153,269,Completers within 150% of normal time
196219,778,299,479,Incoming cohort (minus exclusions)
196219,494,173,321,Completers within 150% of normal time
196237,372,152,220,Incoming cohort (minus exclusions)
196237,179,51,128,Completers within 150% of normal time
196246,962,404,558,Incoming cohort (minus exclusions)
196246,622,236,386,Completers within 150% of normal time
196264,87,41,46,Incoming cohort (minus exclusions)
196264,21,12,9,Completers within 150% of normal time
196291,329,292,37,Incoming cohort (minus exclusions)
196291,243,215,28,Completers within 150% of normal time
196413,3464,1584,1880,Incoming cohort (minus exclusions)
196413,2856,1229,1627,Completers within 150% of normal time
196431,44,44,0,Incoming cohort (minus exclusions)
196431,2,2,0,Completers within 150% of normal time
196583,21,21,0,Incoming cohort (minus exclusions)
196583,2,2,0,Completers within 150% of normal time
196592,429,122,307,Incoming cohort (minus exclusions)
196592,301,78,223,Completers within 150% of normal time
196866,568,310,258,Incoming cohort (minus exclusions)
196866,480,260,220,Completers within 150% of normal time
197018,478,478,0,Incoming cohort (minus exclusions)
197018,243,243,0,Completers within 150% of normal time
197027,186,146,40,Incoming cohort (minus exclusions)
197027,151,120,31,Completers within 150% of normal time
197036,1241,968,273,Incoming cohort (minus exclusions)
197036,1037,808,229,Completers within 150% of normal time
197045,645,307,338,Incoming cohort (minus exclusions)
197045,387,158,229,Completers within 150% of normal time
197133,667,285,382,Incoming cohort (minus exclusions)
197133,617,261,356,Completers within 150% of normal time
197142,103,38,65,Incoming cohort (minus exclusions)
197142,36,13,23,Completers within 150% of normal time
197151,747,215,532,Incoming cohort (minus exclusions)
197151,552,140,412,Completers within 150% of normal time
197197,414,156,258,Incoming cohort (minus exclusions)
197197,297,92,205,Completers within 150% of normal time
197221,26,19,7,Incoming cohort (minus exclusions)
197221,20,14,6,Completers within 150% of normal time
197230,169,55,114,Incoming cohort (minus exclusions)
197230,93,29,64,Completers within 150% of normal time
197285,27,15,12,Incoming cohort (minus exclusions)
197285,16,9,7,Completers within 150% of normal time
197601,28,28,0,Incoming cohort (minus exclusions)
197601,14,14,0,Completers within 150% of normal time
197647,22,22,0,Incoming cohort (minus exclusions)
197647,4,4,0,Completers within 150% of normal time
197674,58,58,0,Incoming cohort (minus exclusions)
197674,12,12,0,Completers within 150% of normal time
197692,29,29,0,Incoming cohort (minus exclusions)
197692,15,15,0,Completers within 150% of normal time
197708,518,280,238,Incoming cohort (minus exclusions)
197708,414,207,207,Completers within 150% of normal time
197735,107,107,0,Incoming cohort (minus exclusions)
197735,76,76,0,Completers within 150% of normal time
197744,12,12,0,Incoming cohort (minus exclusions)
197744,8,8,0,Completers within 150% of normal time
197869,3045,1272,1773,Incoming cohort (minus exclusions)
197869,2215,875,1340,Completers within 150% of normal time
197911,218,81,137,Incoming cohort (minus exclusions)
197911,113,40,73,Completers within 150% of normal time
197984,308,182,126,Incoming cohort (minus exclusions)
197984,141,75,66,Completers within 150% of normal time
197993,139,0,139,Incoming cohort (minus exclusions)
197993,31,0,31,Completers within 150% of normal time
198066,246,132,114,Incoming cohort (minus exclusions)
198066,80,35,45,Completers within 150% of normal time
198136,953,391,562,Incoming cohort (minus exclusions)
198136,535,211,324,Completers within 150% of normal time
198215,311,162,149,Incoming cohort (minus exclusions)
198215,186,93,93,Completers within 150% of normal time
198303,552,270,282,Incoming cohort (minus exclusions)
198303,158,58,100,Completers within 150% of normal time
198385,510,266,244,Incoming cohort (minus exclusions)
198385,457,231,226,Completers within 150% of normal time
198419,1745,898,847,Incoming cohort (minus exclusions)
198419,1673,848,825,Completers within 150% of normal time
198464,4234,1778,2456,Incoming cohort (minus exclusions)
198464,2785,1058,1727,Completers within 150% of normal time
198507,264,125,139,Incoming cohort (minus exclusions)
198507,105,45,60,Completers within 150% of normal time
198516,1524,641,883,Incoming cohort (minus exclusions)
198516,1270,502,768,Completers within 150% of normal time
198543,627,239,388,Incoming cohort (minus exclusions)
198543,234,75,159,Completers within 150% of normal time
198561,453,177,276,Incoming cohort (minus exclusions)
198561,214,78,136,Completers within 150% of normal time
198598,226,131,95,Incoming cohort (minus exclusions)
198598,68,30,38,Completers within 150% of normal time
198613,311,171,140,Incoming cohort (minus exclusions)
198613,170,82,88,Completers within 150% of normal time
198677,4,4,0,Incoming cohort (minus exclusions)
198677,1,1,0,Completers within 150% of normal time
198695,1348,534,814,Incoming cohort (minus exclusions)
198695,946,360,586,Completers within 150% of normal time
198756,333,148,185,Incoming cohort (minus exclusions)
198756,130,46,84,Completers within 150% of normal time
198808,198,92,106,Incoming cohort (minus exclusions)
198808,80,28,52,Completers within 150% of normal time
198835,446,205,241,Incoming cohort (minus exclusions)
198835,215,87,128,Completers within 150% of normal time
198862,421,213,208,Incoming cohort (minus exclusions)
198862,97,41,56,Completers within 150% of normal time
198899,385,194,191,Incoming cohort (minus exclusions)
198899,129,60,69,Completers within 150% of normal time
198950,438,0,438,Incoming cohort (minus exclusions)
198950,300,0,300,Completers within 150% of normal time
198969,487,310,177,Incoming cohort (minus exclusions)
198969,188,83,105,Completers within 150% of normal time
198978,203,25,178,Incoming cohort (minus exclusions)
198978,38,4,34,Completers within 150% of normal time
199032,124,59,65,Incoming cohort (minus exclusions)
199032,36,15,21,Completers within 150% of normal time
199069,272,131,141,Incoming cohort (minus exclusions)
199069,130,60,70,Completers within 150% of normal time
199102,1773,776,997,Incoming cohort (minus exclusions)
199102,941,341,600,Completers within 150% of normal time
199111,734,284,450,Incoming cohort (minus exclusions)
199111,474,170,304,Completers within 150% of normal time
199120,4073,1654,2419,Incoming cohort (minus exclusions)
199120,3685,1472,2213,Completers within 150% of normal time
199139,3435,1852,1583,Incoming cohort (minus exclusions)
199139,2255,1150,1105,Completers within 150% of normal time
199148,2756,906,1850,Incoming cohort (minus exclusions)
199148,1586,480,1106,Completers within 150% of normal time
199157,1101,378,723,Incoming cohort (minus exclusions)
199157,559,175,384,Completers within 150% of normal time
199184,198,97,101,Incoming cohort (minus exclusions)
199184,138,67,71,Completers within 150% of normal time
199193,4205,2190,2015,Incoming cohort (minus exclusions)
199193,3577,1813,1764,Completers within 150% of normal time
199209,313,207,106,Incoming cohort (minus exclusions)
199209,126,64,62,Completers within 150% of normal time
199218,2021,778,1243,Incoming cohort (minus exclusions)
199218,1450,525,925,Completers within 150% of normal time
199272,214,89,125,Incoming cohort (minus exclusions)
199272,90,41,49,Completers within 150% of normal time
199281,1216,522,694,Incoming cohort (minus exclusions)
199281,525,194,331,Completers within 150% of normal time
199306,157,73,84,Incoming cohort (minus exclusions)
199306,54,22,32,Completers within 150% of normal time
199412,280,99,181,Incoming cohort (minus exclusions)
199412,180,53,127,Completers within 150% of normal time
199458,52,22,30,Incoming cohort (minus exclusions)
199458,24,12,12,Completers within 150% of normal time
199582,208,107,101,Incoming cohort (minus exclusions)
199582,46,14,32,Completers within 150% of normal time
199607,184,0,184,Incoming cohort (minus exclusions)
199607,124,0,124,Completers within 150% of normal time
199643,399,178,221,Incoming cohort (minus exclusions)
199643,65,21,44,Completers within 150% of normal time
199698,144,65,79,Incoming cohort (minus exclusions)
199698,45,13,32,Completers within 150% of normal time
199759,91,52,39,Incoming cohort (minus exclusions)
199759,49,27,22,Completers within 150% of normal time
199847,1282,607,675,Incoming cohort (minus exclusions)
199847,1157,521,636,Completers within 150% of normal time
199865,195,69,126,Incoming cohort (minus exclusions)
199865,76,27,49,Completers within 150% of normal time
199962,664,248,416,Incoming cohort (minus exclusions)
199962,405,133,272,Completers within 150% of normal time
199999,865,254,611,Incoming cohort (minus exclusions)
199999,396,94,302,Completers within 150% of normal time
200004,1620,730,890,Incoming cohort (minus exclusions)
200004,994,423,571,Completers within 150% of normal time
200059,163,76,87,Incoming cohort (minus exclusions)
200059,62,24,38,Completers within 150% of normal time
200156,230,111,119,Incoming cohort (minus exclusions)
200156,128,50,78,Completers within 150% of normal time
200217,403,146,257,Incoming cohort (minus exclusions)
200217,259,90,169,Completers within 150% of normal time
200226,127,79,48,Incoming cohort (minus exclusions)
200226,40,17,23,Completers within 150% of normal time
200253,314,144,170,Incoming cohort (minus exclusions)
200253,146,54,92,Completers within 150% of normal time
200280,1868,949,919,Incoming cohort (minus exclusions)
200280,1154,548,606,Completers within 150% of normal time
200332,2528,1401,1127,Incoming cohort (minus exclusions)
200332,1640,884,756,Completers within 150% of normal time
200484,34,20,14,Incoming cohort (minus exclusions)
200484,17,8,9,Completers within 150% of normal time
200527,11,1,10,Incoming cohort (minus exclusions)
200527,6,0,6,Completers within 150% of normal time
200572,173,87,86,Incoming cohort (minus exclusions)
200572,92,43,49,Completers within 150% of normal time
200785,6,2,4,Incoming cohort (minus exclusions)
200785,3,1,2,Completers within 150% of normal time
200800,3800,2027,1773,Incoming cohort (minus exclusions)
200800,2288,1207,1081,Completers within 150% of normal time
200873,12,3,9,Incoming cohort (minus exclusions)
200873,7,2,5,Completers within 150% of normal time
201061,58,16,42,Incoming cohort (minus exclusions)
201061,22,5,17,Completers within 150% of normal time
201104,587,246,341,Incoming cohort (minus exclusions)
201104,397,149,248,Completers within 150% of normal time
201195,766,384,382,Incoming cohort (minus exclusions)
201195,508,233,275,Completers within 150% of normal time
201371,217,118,99,Incoming cohort (minus exclusions)
201371,114,57,57,Completers within 150% of normal time
201441,3350,1325,2025,Incoming cohort (minus exclusions)
201441,2093,775,1318,Completers within 150% of normal time
201469,2,1,1,Incoming cohort (minus exclusions)
201469,1,0,1,Completers within 150% of normal time
201548,668,282,386,Incoming cohort (minus exclusions)
201548,411,164,247,Completers within 150% of normal time
201645,1253,702,551,Incoming cohort (minus exclusions)
201645,1057,556,501,Completers within 150% of normal time
201654,818,399,419,Incoming cohort (minus exclusions)
201654,600,287,313,Completers within 150% of normal time
201690,507,224,283,Incoming cohort (minus exclusions)
201690,119,40,79,Completers within 150% of normal time
201821,17,2,15,Incoming cohort (minus exclusions)
201821,10,1,9,Completers within 150% of normal time
201885,4388,2321,2067,Incoming cohort (minus exclusions)
201885,3202,1639,1563,Completers within 150% of normal time
201964,130,58,72,Incoming cohort (minus exclusions)
201964,59,20,39,Completers within 150% of normal time
202046,167,69,98,Incoming cohort (minus exclusions)
202046,93,35,58,Completers within 150% of normal time
202073,66,35,31,Incoming cohort (minus exclusions)
202073,47,21,26,Completers within 150% of normal time
202134,1847,851,996,Incoming cohort (minus exclusions)
202134,939,418,521,Completers within 150% of normal time
202170,243,68,175,Incoming cohort (minus exclusions)
202170,145,35,110,Completers within 150% of normal time
202480,2142,1101,1041,Incoming cohort (minus exclusions)
202480,1709,858,851,Completers within 150% of normal time
202514,172,102,70,Incoming cohort (minus exclusions)
202514,88,46,42,Completers within 150% of normal time
202523,631,291,340,Incoming cohort (minus exclusions)
202523,513,230,283,Completers within 150% of normal time
202763,703,225,478,Incoming cohort (minus exclusions)
202763,445,139,306,Completers within 150% of normal time
202806,114,74,40,Incoming cohort (minus exclusions)
202806,29,15,14,Completers within 150% of normal time
202903,20,7,13,Incoming cohort (minus exclusions)
202903,12,3,9,Completers within 150% of normal time
203085,272,160,112,Incoming cohort (minus exclusions)
203085,156,77,79,Completers within 150% of normal time
203128,160,90,70,Incoming cohort (minus exclusions)
203128,85,38,47,Completers within 150% of normal time
203368,759,377,382,Incoming cohort (minus exclusions)
203368,575,261,314,Completers within 150% of normal time
203447,103,53,50,Incoming cohort (minus exclusions)
203447,29,12,17,Completers within 150% of normal time
203456,42,12,30,Incoming cohort (minus exclusions)
203456,6,2,4,Completers within 150% of normal time
203465,516,217,299,Incoming cohort (minus exclusions)
203465,173,63,110,Completers within 150% of normal time
203474,181,70,111,Incoming cohort (minus exclusions)
203474,46,14,32,Completers within 150% of normal time
203483,127,57,70,Incoming cohort (minus exclusions)
203483,47,21,26,Completers within 150% of normal time
203492,136,49,87,Incoming cohort (minus exclusions)
203492,40,10,30,Completers within 150% of normal time
203517,4286,1480,2806,Incoming cohort (minus exclusions)
203517,2900,904,1996,Completers within 150% of normal time
203526,260,122,138,Incoming cohort (minus exclusions)
203526,62,24,38,Completers within 150% of normal time
203535,488,215,273,Incoming cohort (minus exclusions)
203535,424,185,239,Completers within 150% of normal time
203544,55,9,46,Incoming cohort (minus exclusions)
203544,26,3,23,Completers within 150% of normal time
203580,212,121,91,Incoming cohort (minus exclusions)
203580,96,44,52,Completers within 150% of normal time
203757,149,51,98,Incoming cohort (minus exclusions)
203757,86,27,59,Completers within 150% of normal time
203775,243,104,139,Incoming cohort (minus exclusions)
203775,145,54,91,Completers within 150% of normal time
203845,283,191,92,Incoming cohort (minus exclusions)
203845,144,90,54,Completers within 150% of normal time
203960,24,2,22,Incoming cohort (minus exclusions)
203960,14,1,13,Completers within 150% of normal time
204006,551,260,291,Incoming cohort (minus exclusions)
204006,106,47,59,Completers within 150% of normal time
204015,260,133,127,Incoming cohort (minus exclusions)
204015,50,18,32,Completers within 150% of normal time
204024,3788,1855,1933,Incoming cohort (minus exclusions)
204024,3144,1460,1684,Completers within 150% of normal time
204176,88,3,85,Incoming cohort (minus exclusions)
204176,71,2,69,Completers within 150% of normal time
204185,537,288,249,Incoming cohort (minus exclusions)
204185,366,167,199,Completers within 150% of normal time
204194,352,143,209,Incoming cohort (minus exclusions)
204194,208,77,131,Completers within 150% of normal time
204200,324,178,146,Incoming cohort (minus exclusions)
204200,173,75,98,Completers within 150% of normal time
204264,357,191,166,Incoming cohort (minus exclusions)
204264,183,84,99,Completers within 150% of normal time
204468,343,210,133,Incoming cohort (minus exclusions)
204468,133,73,60,Completers within 150% of normal time
204486,115,63,52,Incoming cohort (minus exclusions)
204486,53,26,27,Completers within 150% of normal time
204501,774,332,442,Incoming cohort (minus exclusions)
204501,637,264,373,Completers within 150% of normal time
204617,245,130,115,Incoming cohort (minus exclusions)
204617,135,63,72,Completers within 150% of normal time
204635,458,303,155,Incoming cohort (minus exclusions)
204635,332,206,126,Completers within 150% of normal time
204671,333,174,159,Incoming cohort (minus exclusions)
204671,79,34,45,Completers within 150% of normal time
204680,514,271,243,Incoming cohort (minus exclusions)
204680,78,31,47,Completers within 150% of normal time
204699,376,199,177,Incoming cohort (minus exclusions)
204699,57,13,44,Completers within 150% of normal time
204705,1200,654,546,Incoming cohort (minus exclusions)
204705,364,172,192,Completers within 150% of normal time
204796,7018,3456,3562,Incoming cohort (minus exclusions)
204796,6175,2955,3220,Completers within 150% of normal time
204802,118,56,62,Incoming cohort (minus exclusions)
204802,21,9,12,Completers within 150% of normal time
204820,199,66,133,Incoming cohort (minus exclusions)
204820,39,12,27,Completers within 150% of normal time
204839,125,39,86,Incoming cohort (minus exclusions)
204839,29,8,21,Completers within 150% of normal time
204848,345,156,189,Incoming cohort (minus exclusions)
204848,50,19,31,Completers within 150% of normal time
204857,4407,2055,2352,Incoming cohort (minus exclusions)
204857,2949,1281,1668,Completers within 150% of normal time
204866,210,76,134,Incoming cohort (minus exclusions)
204866,48,11,37,Completers within 150% of normal time
204909,429,220,209,Incoming cohort (minus exclusions)
204909,276,125,151,Completers within 150% of normal time
204936,562,210,352,Incoming cohort (minus exclusions)
204936,389,126,263,Completers within 150% of normal time
205027,16,16,0,Incoming cohort (minus exclusions)
205027,3,3,0,Completers within 150% of normal time
205124,8,8,0,Incoming cohort (minus exclusions)
205124,5,5,0,Completers within 150% of normal time
205203,175,68,107,Incoming cohort (minus exclusions)
205203,67,24,43,Completers within 150% of normal time
205443,394,200,194,Incoming cohort (minus exclusions)
205443,210,96,114,Completers within 150% of normal time
205957,424,178,246,Incoming cohort (minus exclusions)
205957,317,121,196,Completers within 150% of normal time
206048,478,264,214,Incoming cohort (minus exclusions)
206048,216,113,103,Completers within 150% of normal time
206084,3127,1549,1578,Incoming cohort (minus exclusions)
206084,1764,829,935,Completers within 150% of normal time
206279,6,1,5,Incoming cohort (minus exclusions)
206279,2,1,1,Completers within 150% of normal time
206349,114,4,110,Incoming cohort (minus exclusions)
206349,56,2,54,Completers within 150% of normal time
206437,439,175,264,Incoming cohort (minus exclusions)
206437,301,107,194,Completers within 150% of normal time
206491,190,86,104,Incoming cohort (minus exclusions)
206491,35,13,22,Completers within 150% of normal time
206507,277,139,138,Incoming cohort (minus exclusions)
206507,146,68,78,Completers within 150% of normal time
206525,492,234,258,Incoming cohort (minus exclusions)
206525,317,138,179,Completers within 150% of normal time
206589,566,275,291,Incoming cohort (minus exclusions)
206589,435,191,244,Completers within 150% of normal time
206604,2297,1066,1231,Incoming cohort (minus exclusions)
206604,1009,454,555,Completers within 150% of normal time
206613,212,116,96,Incoming cohort (minus exclusions)
206613,77,40,37,Completers within 150% of normal time
206622,1145,516,629,Incoming cohort (minus exclusions)
206622,860,363,497,Completers within 150% of normal time
206695,1876,924,952,Incoming cohort (minus exclusions)
206695,891,412,479,Completers within 150% of normal time
206817,138,109,29,Incoming cohort (minus exclusions)
206817,10,6,4,Completers within 150% of normal time
206835,189,115,74,Incoming cohort (minus exclusions)
206835,62,26,36,Completers within 150% of normal time
206862,284,155,129,Incoming cohort (minus exclusions)
206862,137,68,69,Completers within 150% of normal time
206914,388,178,210,Incoming cohort (minus exclusions)
206914,136,59,77,Completers within 150% of normal time
206941,2064,790,1274,Incoming cohort (minus exclusions)
206941,757,225,532,Completers within 150% of normal time
207041,741,386,355,Incoming cohort (minus exclusions)
207041,229,93,136,Completers within 150% of normal time
207157,90,54,36,Incoming cohort (minus exclusions)
207157,17,5,12,Completers within 150% of normal time
207209,266,91,175,Incoming cohort (minus exclusions)
207209,77,18,59,Completers within 150% of normal time
207254,83,76,7,Incoming cohort (minus exclusions)
207254,29,27,2,Completers within 150% of normal time
207263,806,356,450,Incoming cohort (minus exclusions)
207263,313,116,197,Completers within 150% of normal time
207306,346,176,170,Incoming cohort (minus exclusions)
207306,105,44,61,Completers within 150% of normal time
207324,439,208,231,Incoming cohort (minus exclusions)
207324,248,112,136,Completers within 150% of normal time
207351,97,62,35,Incoming cohort (minus exclusions)
207351,39,22,17,Completers within 150% of normal time
207388,3940,1928,2012,Incoming cohort (minus exclusions)
207388,2581,1189,1392,Completers within 150% of normal time
207403,555,218,337,Incoming cohort (minus exclusions)
207403,297,101,196,Completers within 150% of normal time
207458,320,106,214,Incoming cohort (minus exclusions)
207458,208,63,145,Completers within 150% of normal time
207500,3851,1815,2036,Incoming cohort (minus exclusions)
207500,2917,1309,1608,Completers within 150% of normal time
207582,569,252,317,Incoming cohort (minus exclusions)
207582,335,130,205,Completers within 150% of normal time
207661,300,133,167,Incoming cohort (minus exclusions)
207661,111,37,74,Completers within 150% of normal time
207722,204,64,140,Incoming cohort (minus exclusions)
207722,79,13,66,Completers within 150% of normal time
207847,442,215,227,Incoming cohort (minus exclusions)
207847,133,60,73,Completers within 150% of normal time
207856,112,64,48,Incoming cohort (minus exclusions)
207856,27,14,13,Completers within 150% of normal time
207865,828,372,456,Incoming cohort (minus exclusions)
207865,345,133,212,Completers within 150% of normal time
207971,707,400,307,Incoming cohort (minus exclusions)
207971,519,278,241,Completers within 150% of normal time
208646,309,138,171,Incoming cohort (minus exclusions)
208646,118,48,70,Completers within 150% of normal time
208725,24,11,13,Incoming cohort (minus exclusions)
208725,11,3,8,Completers within 150% of normal time
208822,619,277,342,Incoming cohort (minus exclusions)
208822,430,181,249,Completers within 150% of normal time
209056,654,255,399,Incoming cohort (minus exclusions)
209056,485,184,301,Completers within 150% of normal time
209065,474,182,292,Incoming cohort (minus exclusions)
209065,319,110,209,Completers within 150% of normal time
209241,13,13,0,Incoming cohort (minus exclusions)
209241,7,7,0,Completers within 150% of normal time
209287,56,28,28,Incoming cohort (minus exclusions)
209287,31,15,16,Completers within 150% of normal time
209409,83,30,53,Incoming cohort (minus exclusions)
209409,50,18,32,Completers within 150% of normal time
209506,324,179,145,Incoming cohort (minus exclusions)
209506,180,99,81,Completers within 150% of normal time
209542,3338,1742,1596,Incoming cohort (minus exclusions)
209542,2276,1124,1152,Completers within 150% of normal time
209551,4044,1701,2343,Incoming cohort (minus exclusions)
209551,3007,1244,1763,Completers within 150% of normal time
209603,70,15,55,Incoming cohort (minus exclusions)
209603,25,5,20,Completers within 150% of normal time
209612,479,208,271,Incoming cohort (minus exclusions)
209612,339,133,206,Completers within 150% of normal time
209807,1652,662,990,Incoming cohort (minus exclusions)
209807,889,320,569,Completers within 150% of normal time
209825,941,373,568,Incoming cohort (minus exclusions)
209825,760,286,474,Completers within 150% of normal time
209922,417,180,237,Incoming cohort (minus exclusions)
209922,303,121,182,Completers within 150% of normal time
210146,780,305,475,Incoming cohort (minus exclusions)
210146,320,111,209,Completers within 150% of normal time
210304,77,26,51,Incoming cohort (minus exclusions)
210304,26,4,22,Completers within 150% of normal time
210331,274,88,186,Incoming cohort (minus exclusions)
210331,176,49,127,Completers within 150% of normal time
210401,521,227,294,Incoming cohort (minus exclusions)
210401,375,159,216,Completers within 150% of normal time
210429,906,335,571,Incoming cohort (minus exclusions)
210429,438,139,299,Completers within 150% of normal time
210492,67,34,33,Incoming cohort (minus exclusions)
210492,32,14,18,Completers within 150% of normal time
210571,491,200,291,Incoming cohort (minus exclusions)
210571,232,85,147,Completers within 150% of normal time
210669,487,234,253,Incoming cohort (minus exclusions)
210669,363,164,199,Completers within 150% of normal time
210739,427,180,247,Incoming cohort (minus exclusions)
210739,296,122,174,Completers within 150% of normal time
210775,401,132,269,Incoming cohort (minus exclusions)
210775,262,72,190,Completers within 150% of normal time
211024,65,34,31,Incoming cohort (minus exclusions)
211024,35,14,21,Completers within 150% of normal time
211088,597,198,399,Incoming cohort (minus exclusions)
211088,369,126,243,Completers within 150% of normal time
211158,2103,871,1232,Incoming cohort (minus exclusions)
211158,1250,470,780,Completers within 150% of normal time
211273,385,0,385,Incoming cohort (minus exclusions)
211273,335,0,335,Completers within 150% of normal time
211291,938,456,482,Incoming cohort (minus exclusions)
211291,825,393,432,Completers within 150% of normal time
211352,390,132,258,Incoming cohort (minus exclusions)
211352,204,70,134,Completers within 150% of normal time
211361,880,392,488,Incoming cohort (minus exclusions)
211361,430,171,259,Completers within 150% of normal time
211431,218,25,193,Incoming cohort (minus exclusions)
211431,114,14,100,Completers within 150% of normal time
211440,1564,842,722,Incoming cohort (minus exclusions)
211440,1451,768,683,Completers within 150% of normal time
211468,179,0,179,Incoming cohort (minus exclusions)
211468,114,0,114,Completers within 150% of normal time
211477,39,18,21,Incoming cohort (minus exclusions)
211477,14,5,9,Completers within 150% of normal time
211556,210,58,152,Incoming cohort (minus exclusions)
211556,132,28,104,Completers within 150% of normal time
211583,206,87,119,Incoming cohort (minus exclusions)
211583,129,46,83,Completers within 150% of normal time
211608,100,47,53,Incoming cohort (minus exclusions)
211608,41,19,22,Completers within 150% of normal time
211644,781,274,507,Incoming cohort (minus exclusions)
211644,453,135,318,Completers within 150% of normal time
211893,19,9,10,Incoming cohort (minus exclusions)
211893,17,8,9,Completers within 150% of normal time
211981,470,210,260,Incoming cohort (minus exclusions)
211981,252,94,158,Completers within 150% of normal time
212009,728,306,422,Incoming cohort (minus exclusions)
212009,600,242,358,Completers within 150% of normal time
212054,2713,1503,1210,Incoming cohort (minus exclusions)
212054,2122,1119,1003,Completers within 150% of normal time
212106,1257,445,812,Incoming cohort (minus exclusions)
212106,970,318,652,Completers within 150% of normal time
212115,1270,547,723,Incoming cohort (minus exclusions)
212115,617,210,407,Completers within 150% of normal time
212133,314,122,192,Incoming cohort (minus exclusions)
212133,196,73,123,Completers within 150% of normal time
212160,995,409,586,Incoming cohort (minus exclusions)
212160,500,188,312,Completers within 150% of normal time
212197,502,179,323,Incoming cohort (minus exclusions)
212197,379,128,251,Completers within 150% of normal time
212577,592,280,312,Incoming cohort (minus exclusions)
212577,490,224,266,Completers within 150% of normal time
212601,589,252,337,Incoming cohort (minus exclusions)
212601,384,147,237,Completers within 150% of normal time
212656,329,181,148,Incoming cohort (minus exclusions)
212656,232,121,111,Completers within 150% of normal time
212674,699,328,371,Incoming cohort (minus exclusions)
212674,573,251,322,Completers within 150% of normal time
212805,545,266,279,Incoming cohort (minus exclusions)
212805,477,223,254,Completers within 150% of normal time
212832,146,50,96,Incoming cohort (minus exclusions)
212832,98,29,69,Completers within 150% of normal time
212911,344,171,173,Incoming cohort (minus exclusions)
212911,310,155,155,Completers within 150% of normal time
212984,332,86,246,Incoming cohort (minus exclusions)
212984,186,43,143,Completers within 150% of normal time
212993,19,8,11,Incoming cohort (minus exclusions)
212993,14,7,7,Completers within 150% of normal time
213011,187,60,127,Incoming cohort (minus exclusions)
213011,129,38,91,Completers within 150% of normal time
213020,2466,1014,1452,Incoming cohort (minus exclusions)
213020,1400,510,890,Completers within 150% of normal time
213251,356,148,208,Incoming cohort (minus exclusions)
213251,270,109,161,Completers within 150% of normal time
213303,214,78,136,Incoming cohort (minus exclusions)
213303,100,42,58,Completers within 150% of normal time
213321,517,271,246,Incoming cohort (minus exclusions)
213321,348,166,182,Completers within 150% of normal time
213349,1859,845,1014,Incoming cohort (minus exclusions)
213349,1002,417,585,Completers within 150% of normal time
213358,277,123,154,Incoming cohort (minus exclusions)
213358,143,57,86,Completers within 150% of normal time
213367,707,321,386,Incoming cohort (minus exclusions)
213367,422,182,240,Completers within 150% of normal time
213385,670,314,356,Incoming cohort (minus exclusions)
213385,589,273,316,Completers within 150% of normal time
213400,178,90,88,Incoming cohort (minus exclusions)
213400,107,49,58,Completers within 150% of normal time
213507,455,212,243,Incoming cohort (minus exclusions)
213507,309,138,171,Completers within 150% of normal time
213543,1256,703,553,Incoming cohort (minus exclusions)
213543,1097,597,500,Completers within 150% of normal time
213598,453,169,284,Incoming cohort (minus exclusions)
213598,222,73,149,Completers within 150% of normal time
213613,830,353,477,Incoming cohort (minus exclusions)
213613,451,170,281,Completers within 150% of normal time
213668,347,185,162,Incoming cohort (minus exclusions)
213668,232,114,118,Completers within 150% of normal time
213783,312,129,183,Incoming cohort (minus exclusions)
213783,174,77,97,Completers within 150% of normal time
213826,367,101,266,Incoming cohort (minus exclusions)
213826,256,61,195,Completers within 150% of normal time
213987,598,247,351,Incoming cohort (minus exclusions)
213987,396,150,246,Completers within 150% of normal time
213996,690,265,425,Incoming cohort (minus exclusions)
213996,531,206,325,Completers within 150% of normal time
214041,1320,561,759,Incoming cohort (minus exclusions)
214041,749,298,451,Completers within 150% of normal time
214069,434,155,279,Incoming cohort (minus exclusions)
214069,310,107,203,Completers within 150% of normal time
214148,94,0,94,Incoming cohort (minus exclusions)
214148,54,0,54,Completers within 150% of normal time
214157,521,263,258,Incoming cohort (minus exclusions)
214157,352,156,196,Completers within 150% of normal time
214166,166,68,98,Incoming cohort (minus exclusions)
214166,89,39,50,Completers within 150% of normal time
214175,582,228,354,Incoming cohort (minus exclusions)
214175,477,173,304,Completers within 150% of normal time
214272,400,144,256,Incoming cohort (minus exclusions)
214272,197,60,137,Completers within 150% of normal time
214883,2,2,0,Incoming cohort (minus exclusions)
214883,1,1,0,Completers within 150% of normal time
214971,36,11,25,Incoming cohort (minus exclusions)
214971,17,6,11,Completers within 150% of normal time
215053,71,24,47,Incoming cohort (minus exclusions)
215053,41,13,28,Completers within 150% of normal time
215062,2381,1157,1224,Incoming cohort (minus exclusions)
215062,2291,1094,1197,Completers within 150% of normal time
215105,404,138,266,Incoming cohort (minus exclusions)
215105,275,93,182,Completers within 150% of normal time
215114,147,75,72,Incoming cohort (minus exclusions)
215114,90,43,47,Completers within 150% of normal time
215132,323,120,203,Incoming cohort (minus exclusions)
215132,250,92,158,Completers within 150% of normal time
215266,302,132,170,Incoming cohort (minus exclusions)
215266,119,55,64,Completers within 150% of normal time
215275,407,215,192,Incoming cohort (minus exclusions)
215275,140,63,77,Completers within 150% of normal time
215284,712,394,318,Incoming cohort (minus exclusions)
215284,350,187,163,Completers within 150% of normal time
215293,4008,1932,2076,Incoming cohort (minus exclusions)
215293,3378,1557,1821,Completers within 150% of normal time
215442,588,213,375,Incoming cohort (minus exclusions)
215442,358,120,238,Completers within 150% of normal time
215655,865,452,413,Incoming cohort (minus exclusions)
215655,562,277,285,Completers within 150% of normal time
215691,113,31,82,Incoming cohort (minus exclusions)
215691,56,19,37,Completers within 150% of normal time
215743,412,171,241,Incoming cohort (minus exclusions)
215743,305,109,196,Completers within 150% of normal time
215770,1172,515,657,Incoming cohort (minus exclusions)
215770,975,424,551,Completers within 150% of normal time
215798,444,250,194,Incoming cohort (minus exclusions)
215798,323,172,151,Completers within 150% of normal time
215929,907,394,513,Incoming cohort (minus exclusions)
215929,715,292,423,Completers within 150% of normal time
215947,392,137,255,Incoming cohort (minus exclusions)
215947,262,85,177,Completers within 150% of normal time
216010,1384,662,722,Incoming cohort (minus exclusions)
216010,803,363,440,Completers within 150% of normal time
216038,1515,617,898,Incoming cohort (minus exclusions)
216038,1037,402,635,Completers within 150% of normal time
216047,23,23,0,Incoming cohort (minus exclusions)
216047,13,13,0,Completers within 150% of normal time
216278,666,305,361,Incoming cohort (minus exclusions)
216278,495,207,288,Completers within 150% of normal time
216287,406,193,213,Incoming cohort (minus exclusions)
216287,382,183,199,Completers within 150% of normal time
216311,36,36,0,Incoming cohort (minus exclusions)
216311,17,17,0,Completers within 150% of normal time
216339,4884,2209,2675,Incoming cohort (minus exclusions)
216339,3678,1609,2069,Completers within 150% of normal time
216357,207,134,73,Incoming cohort (minus exclusions)
216357,97,55,42,Completers within 150% of normal time
216366,507,166,341,Incoming cohort (minus exclusions)
216366,360,105,255,Completers within 150% of normal time
216524,429,210,219,Incoming cohort (minus exclusions)
216524,311,141,170,Completers within 150% of normal time
216542,132,61,71,Incoming cohort (minus exclusions)
216542,74,32,42,Completers within 150% of normal time
216597,1699,763,936,Incoming cohort (minus exclusions)
216597,1551,679,872,Completers within 150% of normal time
216667,389,206,183,Incoming cohort (minus exclusions)
216667,296,155,141,Completers within 150% of normal time
216694,356,159,197,Incoming cohort (minus exclusions)
216694,237,103,134,Completers within 150% of normal time
216764,2378,887,1491,Incoming cohort (minus exclusions)
216764,1730,598,1132,Completers within 150% of normal time
216807,294,138,156,Incoming cohort (minus exclusions)
216807,214,89,125,Completers within 150% of normal time
216852,846,385,461,Incoming cohort (minus exclusions)
216852,579,256,323,Completers within 150% of normal time
216931,580,295,285,Incoming cohort (minus exclusions)
216931,356,184,172,Completers within 150% of normal time
217013,116,23,93,Incoming cohort (minus exclusions)
217013,62,9,53,Completers within 150% of normal time
217040,19,19,0,Incoming cohort (minus exclusions)
217040,11,11,0,Completers within 150% of normal time
217059,891,426,465,Incoming cohort (minus exclusions)
217059,584,273,311,Completers within 150% of normal time
217156,1609,735,874,Incoming cohort (minus exclusions)
217156,1542,697,845,Completers within 150% of normal time
217165,908,536,372,Incoming cohort (minus exclusions)
217165,759,435,324,Completers within 150% of normal time
217235,1654,629,1025,Incoming cohort (minus exclusions)
217235,1047,371,676,Completers within 150% of normal time
217402,1032,432,600,Incoming cohort (minus exclusions)
217402,918,374,544,Completers within 150% of normal time
217420,1087,323,764,Incoming cohort (minus exclusions)
217420,497,142,355,Completers within 150% of normal time
217484,2985,1292,1693,Incoming cohort (minus exclusions)
217484,2065,837,1228,Completers within 150% of normal time
217493,463,142,321,Incoming cohort (minus exclusions)
217493,399,118,281,Completers within 150% of normal time
217518,1023,455,568,Incoming cohort (minus exclusions)
217518,719,300,419,Completers within 150% of normal time
217536,556,136,420,Incoming cohort (minus exclusions)
217536,407,91,316,Completers within 150% of normal time
217606,51,22,29,Incoming cohort (minus exclusions)
217606,30,12,18,Completers within 150% of normal time
217624,172,89,83,Incoming cohort (minus exclusions)
217624,39,13,26,Completers within 150% of normal time
217633,664,211,453,Incoming cohort (minus exclusions)
217633,423,118,305,Completers within 150% of normal time
217688,749,281,468,Incoming cohort (minus exclusions)
217688,369,120,249,Completers within 150% of normal time
217721,656,353,303,Incoming cohort (minus exclusions)
217721,162,61,101,Completers within 150% of normal time
217749,561,249,312,Incoming cohort (minus exclusions)
217749,378,157,221,Completers within 150% of normal time
217776,187,105,82,Incoming cohort (minus exclusions)
217776,98,49,49,Completers within 150% of normal time
217819,2224,703,1521,Incoming cohort (minus exclusions)
217819,1490,431,1059,Completers within 150% of normal time
217864,595,544,51,Incoming cohort (minus exclusions)
217864,435,400,35,Completers within 150% of normal time
217873,448,142,306,Incoming cohort (minus exclusions)
217873,229,59,170,Completers within 150% of normal time
217882,3434,1675,1759,Incoming cohort (minus exclusions)
217882,2935,1363,1572,Completers within 150% of normal time
217891,5,1,4,Incoming cohort (minus exclusions)
217891,4,1,3,Completers within 150% of normal time
217907,224,121,103,Incoming cohort (minus exclusions)
217907,82,41,41,Completers within 150% of normal time
217925,91,38,53,Incoming cohort (minus exclusions)
217925,57,19,38,Completers within 150% of normal time
217934,184,0,184,Incoming cohort (minus exclusions)
217934,100,0,100,Completers within 150% of normal time
217961,219,0,219,Incoming cohort (minus exclusions)
217961,125,0,125,Completers within 150% of normal time
217998,217,129,88,Incoming cohort (minus exclusions)
217998,87,45,42,Completers within 150% of normal time
218061,736,261,475,Incoming cohort (minus exclusions)
218061,318,94,224,Completers within 150% of normal time
218070,668,295,373,Incoming cohort (minus exclusions)
218070,547,236,311,Completers within 150% of normal time
218229,559,163,396,Incoming cohort (minus exclusions)
218229,298,85,213,Completers within 150% of normal time
218238,399,270,129,Incoming cohort (minus exclusions)
218238,119,69,50,Completers within 150% of normal time
218399,213,115,98,Incoming cohort (minus exclusions)
218399,53,29,24,Completers within 150% of normal time
218414,267,150,117,Incoming cohort (minus exclusions)
218414,143,72,71,Completers within 150% of normal time
218441,527,280,247,Incoming cohort (minus exclusions)
218441,302,145,157,Completers within 150% of normal time
218539,262,132,130,Incoming cohort (minus exclusions)
218539,155,72,83,Completers within 150% of normal time
218645,583,210,373,Incoming cohort (minus exclusions)
218645,250,77,173,Completers within 150% of normal time
218654,492,152,340,Incoming cohort (minus exclusions)
218654,146,38,108,Completers within 150% of normal time
218663,5154,2317,2837,Incoming cohort (minus exclusions)
218663,4029,1721,2308,Completers within 150% of normal time
218724,2354,1100,1254,Incoming cohort (minus exclusions)
218724,1204,521,683,Completers within 150% of normal time
218733,490,252,238,Incoming cohort (minus exclusions)
218733,149,64,85,Completers within 150% of normal time
218742,831,284,547,Incoming cohort (minus exclusions)
218742,394,106,288,Completers within 150% of normal time
218919,104,49,55,Incoming cohort (minus exclusions)
218919,33,13,20,Completers within 150% of normal time
218964,1087,312,775,Incoming cohort (minus exclusions)
218964,633,164,469,Completers within 150% of normal time
218973,441,221,220,Incoming cohort (minus exclusions)
218973,354,164,190,Completers within 150% of normal time
219000,367,138,229,Incoming cohort (minus exclusions)
219000,259,94,165,Completers within 150% of normal time
219046,438,196,242,Incoming cohort (minus exclusions)
219046,192,61,131,Completers within 150% of normal time
219082,320,215,105,Incoming cohort (minus exclusions)
219082,150,94,56,Completers within 150% of normal time
219091,174,93,81,Incoming cohort (minus exclusions)
219091,95,48,47,Completers within 150% of normal time
219198,100,31,69,Incoming cohort (minus exclusions)
219198,61,18,43,Completers within 150% of normal time
219204,8,4,4,Incoming cohort (minus exclusions)
219204,1,0,1,Completers within 150% of normal time
219259,211,99,112,Incoming cohort (minus exclusions)
219259,119,52,67,Completers within 150% of normal time
219277,61,24,37,Incoming cohort (minus exclusions)
219277,6,1,5,Completers within 150% of normal time
219295,98,63,35,Incoming cohort (minus exclusions)
219295,32,18,14,Completers within 150% of normal time
219347,495,385,110,Incoming cohort (minus exclusions)
219347,259,193,66,Completers within 150% of normal time
219356,2093,1025,1068,Incoming cohort (minus exclusions)
219356,1257,574,683,Completers within 150% of normal time
219383,274,126,148,Incoming cohort (minus exclusions)
219383,158,72,86,Completers within 150% of normal time
219471,1183,471,712,Incoming cohort (minus exclusions)
219471,712,249,463,Completers within 150% of normal time
219505,10,6,4,Incoming cohort (minus exclusions)
219505,3,2,1,Completers within 150% of normal time
219602,892,376,516,Incoming cohort (minus exclusions)
219602,378,135,243,Completers within 150% of normal time
219639,58,8,50,Incoming cohort (minus exclusions)
219639,35,6,29,Completers within 150% of normal time
219709,1457,525,932,Incoming cohort (minus exclusions)
219709,994,330,664,Completers within 150% of normal time
219718,502,290,212,Incoming cohort (minus exclusions)
219718,186,111,75,Completers within 150% of normal time
219790,149,71,78,Incoming cohort (minus exclusions)
219790,90,40,50,Completers within 150% of normal time
219806,468,207,261,Incoming cohort (minus exclusions)
219806,268,101,167,Completers within 150% of normal time
219833,310,167,143,Incoming cohort (minus exclusions)
219833,183,87,96,Completers within 150% of normal time
219949,132,90,42,Incoming cohort (minus exclusions)
219949,70,39,31,Completers within 150% of normal time
219976,661,234,427,Incoming cohort (minus exclusions)
219976,471,152,319,Completers within 150% of normal time
220002,28,5,23,Incoming cohort (minus exclusions)
220002,20,2,18,Completers within 150% of normal time
220075,1975,903,1072,Incoming cohort (minus exclusions)
220075,999,387,612,Completers within 150% of normal time
220181,208,54,154,Incoming cohort (minus exclusions)
220181,95,22,73,Completers within 150% of normal time
220206,41,19,22,Incoming cohort (minus exclusions)
220206,24,11,13,Completers within 150% of normal time
220215,292,120,172,Incoming cohort (minus exclusions)
220215,189,76,113,Completers within 150% of normal time
220473,159,88,71,Incoming cohort (minus exclusions)
220473,100,52,48,Completers within 150% of normal time
220516,148,69,79,Incoming cohort (minus exclusions)
220516,67,28,39,Completers within 150% of normal time
220552,37,9,28,Incoming cohort (minus exclusions)
220552,23,4,19,Completers within 150% of normal time
220598,444,269,175,Incoming cohort (minus exclusions)
220598,107,53,54,Completers within 150% of normal time
220604,175,68,107,Incoming cohort (minus exclusions)
220604,32,8,24,Completers within 150% of normal time
220613,826,281,545,Incoming cohort (minus exclusions)
220613,479,130,349,Completers within 150% of normal time
220631,208,80,128,Incoming cohort (minus exclusions)
220631,118,40,78,Completers within 150% of normal time
220701,284,132,152,Incoming cohort (minus exclusions)
220701,97,38,59,Completers within 150% of normal time
220710,338,181,157,Incoming cohort (minus exclusions)
220710,188,86,102,Completers within 150% of normal time
220862,2046,940,1106,Incoming cohort (minus exclusions)
220862,1113,451,662,Completers within 150% of normal time
220978,2793,1300,1493,Incoming cohort (minus exclusions)
220978,1499,665,834,Completers within 150% of normal time
221351,562,259,303,Incoming cohort (minus exclusions)
221351,480,213,267,Completers within 150% of normal time
221519,469,220,249,Incoming cohort (minus exclusions)
221519,376,171,205,Completers within 150% of normal time
221661,416,186,230,Incoming cohort (minus exclusions)
221661,236,99,137,Completers within 150% of normal time
221731,209,79,130,Incoming cohort (minus exclusions)
221731,108,25,83,Completers within 150% of normal time
221740,1852,745,1107,Incoming cohort (minus exclusions)
221740,995,353,642,Completers within 150% of normal time
221759,4700,2293,2407,Incoming cohort (minus exclusions)
221759,3390,1534,1856,Completers within 150% of normal time
221768,1008,415,593,Incoming cohort (minus exclusions)
221768,521,219,302,Completers within 150% of normal time
221838,1234,465,769,Incoming cohort (minus exclusions)
221838,383,127,256,Completers within 150% of normal time
221847,1577,890,687,Incoming cohort (minus exclusions)
221847,944,488,456,Completers within 150% of normal time
221892,316,137,179,Incoming cohort (minus exclusions)
221892,156,65,91,Completers within 150% of normal time
221953,281,153,128,Incoming cohort (minus exclusions)
221953,113,50,63,Completers within 150% of normal time
221971,341,134,207,Incoming cohort (minus exclusions)
221971,233,100,133,Completers within 150% of normal time
221999,1602,811,791,Incoming cohort (minus exclusions)
221999,1496,751,745,Completers within 150% of normal time
222178,1056,388,668,Incoming cohort (minus exclusions)
222178,637,212,425,Completers within 150% of normal time
222831,1316,581,735,Incoming cohort (minus exclusions)
222831,587,240,347,Completers within 150% of normal time
222877,35,21,14,Incoming cohort (minus exclusions)
222877,8,3,5,Completers within 150% of normal time
222938,106,54,52,Incoming cohort (minus exclusions)
222938,41,17,24,Completers within 150% of normal time
222983,353,172,181,Incoming cohort (minus exclusions)
222983,241,114,127,Completers within 150% of normal time
223117,1,1,0,Incoming cohort (minus exclusions)
223117,1,1,0,Completers within 150% of normal time
223232,3390,1421,1969,Incoming cohort (minus exclusions)
223232,2767,1133,1634,Completers within 150% of normal time
223463,10,5,5,Incoming cohort (minus exclusions)
223463,6,3,3,Completers within 150% of normal time
224004,254,121,133,Incoming cohort (minus exclusions)
224004,95,41,54,Completers within 150% of normal time
224147,2227,897,1330,Incoming cohort (minus exclusions)
224147,800,287,513,Completers within 150% of normal time
224226,460,178,282,Incoming cohort (minus exclusions)
224226,287,103,184,Completers within 150% of normal time
224244,57,28,29,Incoming cohort (minus exclusions)
224244,11,5,6,Completers within 150% of normal time
224323,393,170,223,Incoming cohort (minus exclusions)
224323,282,114,168,Completers within 150% of normal time
224527,340,165,175,Incoming cohort (minus exclusions)
224527,153,64,89,Completers within 150% of normal time
224545,156,69,87,Incoming cohort (minus exclusions)
224545,37,14,23,Completers within 150% of normal time
224554,1006,479,527,Incoming cohort (minus exclusions)
224554,421,173,248,Completers within 150% of normal time
224776,133,73,60,Incoming cohort (minus exclusions)
224776,24,13,11,Completers within 150% of normal time
225201,60,47,13,Incoming cohort (minus exclusions)
225201,34,26,8,Completers within 150% of normal time
225247,411,208,203,Incoming cohort (minus exclusions)
225247,212,100,112,Completers within 150% of normal time
225399,544,207,337,Incoming cohort (minus exclusions)
225399,239,75,164,Completers within 150% of normal time
225414,228,107,121,Incoming cohort (minus exclusions)
225414,121,50,71,Completers within 150% of normal time
225432,790,335,455,Incoming cohort (minus exclusions)
225432,239,73,166,Completers within 150% of normal time
225502,285,142,143,Incoming cohort (minus exclusions)
225502,62,26,36,Completers within 150% of normal time
225511,4010,2088,1922,Incoming cohort (minus exclusions)
225511,2488,1178,1310,Completers within 150% of normal time
225548,280,169,111,Incoming cohort (minus exclusions)
225548,98,46,52,Completers within 150% of normal time
225575,145,81,64,Incoming cohort (minus exclusions)
225575,48,30,18,Completers within 150% of normal time
225627,816,333,483,Incoming cohort (minus exclusions)
225627,470,176,294,Completers within 150% of normal time
225885,250,90,160,Incoming cohort (minus exclusions)
225885,91,42,49,Completers within 150% of normal time
226091,1505,689,816,Incoming cohort (minus exclusions)
226091,582,230,352,Completers within 150% of normal time
226152,963,417,546,Incoming cohort (minus exclusions)
226152,468,169,299,Completers within 150% of normal time
226231,273,190,83,Incoming cohort (minus exclusions)
226231,174,120,54,Completers within 150% of normal time
226383,275,115,160,Incoming cohort (minus exclusions)
226383,118,50,68,Completers within 150% of normal time
226471,725,272,453,Incoming cohort (minus exclusions)
226471,381,111,270,Completers within 150% of normal time
226587,297,187,110,Incoming cohort (minus exclusions)
226587,92,39,53,Completers within 150% of normal time
226833,820,379,441,Incoming cohort (minus exclusions)
226833,382,151,231,Completers within 150% of normal time
227216,4417,2024,2393,Incoming cohort (minus exclusions)
227216,2658,1087,1571,Completers within 150% of normal time
227331,306,101,205,Incoming cohort (minus exclusions)
227331,107,32,75,Completers within 150% of normal time
227368,3772,1680,2092,Incoming cohort (minus exclusions)
227368,1929,739,1190,Completers within 150% of normal time
227429,166,83,83,Incoming cohort (minus exclusions)
227429,38,18,20,Completers within 150% of normal time
227526,1625,611,1014,Incoming cohort (minus exclusions)
227526,676,212,464,Completers within 150% of normal time
227757,966,510,456,Incoming cohort (minus exclusions)
227757,892,463,429,Completers within 150% of normal time
227845,871,308,563,Incoming cohort (minus exclusions)
227845,573,197,376,Completers within 150% of normal time
227863,237,74,163,Incoming cohort (minus exclusions)
227863,146,38,108,Completers within 150% of normal time
227881,2514,872,1642,Incoming cohort (minus exclusions)
227881,1440,451,989,Completers within 150% of normal time
228042,289,147,142,Incoming cohort (minus exclusions)
228042,131,65,66,Completers within 150% of normal time
228149,589,261,328,Incoming cohort (minus exclusions)
228149,349,137,212,Completers within 150% of normal time
228246,1370,713,657,Incoming cohort (minus exclusions)
228246,1129,559,570,Completers within 150% of normal time
228325,151,67,84,Incoming cohort (minus exclusions)
228325,83,28,55,Completers within 150% of normal time
228343,359,157,202,Incoming cohort (minus exclusions)
228343,264,108,156,Completers within 150% of normal time
228431,2243,788,1455,Incoming cohort (minus exclusions)
228431,1187,347,840,Completers within 150% of normal time
228459,5528,2023,3505,Incoming cohort (minus exclusions)
228459,3149,1044,2105,Completers within 150% of normal time
228468,146,68,78,Incoming cohort (minus exclusions)
228468,66,26,40,Completers within 150% of normal time
228486,3,3,0,Incoming cohort (minus exclusions)
228486,2,2,0,Completers within 150% of normal time
228501,313,177,136,Incoming cohort (minus exclusions)
228501,90,38,52,Completers within 150% of normal time
228529,1831,679,1152,Incoming cohort (minus exclusions)
228529,894,323,571,Completers within 150% of normal time
228705,1263,718,545,Incoming cohort (minus exclusions)
228705,549,282,267,Completers within 150% of normal time
228723,9028,4291,4737,Incoming cohort (minus exclusions)
228723,7526,3457,4069,Completers within 150% of normal time
228769,2710,1366,1344,Incoming cohort (minus exclusions)
228769,1385,659,726,Completers within 150% of normal time
228778,7566,3428,4138,Incoming cohort (minus exclusions)
228778,6639,2919,3720,Completers within 150% of normal time
228787,2656,1552,1104,Incoming cohort (minus exclusions)
228787,1904,1045,859,Completers within 150% of normal time
228796,2950,1354,1596,Incoming cohort (minus exclusions)
228796,1339,543,796,Completers within 150% of normal time
228802,766,336,430,Incoming cohort (minus exclusions)
228802,323,119,204,Completers within 150% of normal time
228875,2074,802,1272,Incoming cohort (minus exclusions)
228875,1718,635,1083,Completers within 150% of normal time
228884,166,106,60,Incoming cohort (minus exclusions)
228884,30,17,13,Completers within 150% of normal time
228981,394,224,170,Incoming cohort (minus exclusions)
228981,212,103,109,Completers within 150% of normal time
229018,473,261,212,Incoming cohort (minus exclusions)
229018,197,96,101,Completers within 150% of normal time
229027,4895,2256,2639,Incoming cohort (minus exclusions)
229027,2494,1086,1408,Completers within 150% of normal time
229063,1391,558,833,Incoming cohort (minus exclusions)
229063,326,122,204,Completers within 150% of normal time
229115,5067,2682,2385,Incoming cohort (minus exclusions)
229115,3175,1620,1555,Completers within 150% of normal time
229160,365,189,176,Incoming cohort (minus exclusions)
229160,96,37,59,Completers within 150% of normal time
229179,1132,103,1029,Incoming cohort (minus exclusions)
229179,549,31,518,Completers within 150% of normal time
229267,602,273,329,Incoming cohort (minus exclusions)
229267,481,213,268,Completers within 150% of normal time
229780,265,165,100,Incoming cohort (minus exclusions)
229780,67,28,39,Completers within 150% of normal time
229814,1382,624,758,Incoming cohort (minus exclusions)
229814,631,237,394,Completers within 150% of normal time
229887,151,72,79,Incoming cohort (minus exclusions)
229887,41,17,24,Completers within 150% of normal time
230038,4104,1695,2409,Incoming cohort (minus exclusions)
230038,3150,1233,1917,Completers within 150% of normal time
230047,394,101,293,Incoming cohort (minus exclusions)
230047,280,66,214,Completers within 150% of normal time
230171,813,311,502,Incoming cohort (minus exclusions)
230171,303,76,227,Completers within 150% of normal time
230366,31,5,26,Incoming cohort (minus exclusions)
230366,14,1,13,Completers within 150% of normal time
230597,14,7,7,Incoming cohort (minus exclusions)
230597,14,7,7,Completers within 150% of normal time
230603,1193,437,756,Incoming cohort (minus exclusions)
230603,664,237,427,Completers within 150% of normal time
230728,3117,1287,1830,Incoming cohort (minus exclusions)
230728,1926,757,1169,Completers within 150% of normal time
230737,1609,842,767,Incoming cohort (minus exclusions)
230737,623,284,339,Completers within 150% of normal time
230764,2729,1386,1343,Incoming cohort (minus exclusions)
230764,1834,896,938,Completers within 150% of normal time
230782,1553,700,853,Incoming cohort (minus exclusions)
230782,701,265,436,Completers within 150% of normal time
230807,447,193,254,Incoming cohort (minus exclusions)
230807,283,114,169,Completers within 150% of normal time
230816,214,69,145,Incoming cohort (minus exclusions)
230816,145,49,96,Completers within 150% of normal time
230834,436,231,205,Incoming cohort (minus exclusions)
230834,240,122,118,Completers within 150% of normal time
230852,547,345,202,Incoming cohort (minus exclusions)
230852,373,216,157,Completers within 150% of normal time
230889,10,5,5,Incoming cohort (minus exclusions)
230889,5,2,3,Completers within 150% of normal time
230913,456,220,236,Incoming cohort (minus exclusions)
230913,177,75,102,Completers within 150% of normal time
230959,589,271,318,Incoming cohort (minus exclusions)
230959,537,246,291,Completers within 150% of normal time
230995,594,453,141,Incoming cohort (minus exclusions)
230995,369,267,102,Completers within 150% of normal time
231059,463,214,249,Incoming cohort (minus exclusions)
231059,363,163,200,Completers within 150% of normal time
231095,25,10,15,Incoming cohort (minus exclusions)
231095,9,3,6,Completers within 150% of normal time
231165,86,70,16,Incoming cohort (minus exclusions)
231165,35,31,4,Completers within 150% of normal time
231174,2383,969,1414,Incoming cohort (minus exclusions)
231174,1838,693,1145,Completers within 150% of normal time
231420,266,151,115,Incoming cohort (minus exclusions)
231420,111,58,53,Completers within 150% of normal time
231554,149,95,54,Incoming cohort (minus exclusions)
231554,52,27,25,Completers within 150% of normal time
231581,538,252,286,Incoming cohort (minus exclusions)
231581,334,149,185,Completers within 150% of normal time
231624,1516,637,879,Incoming cohort (minus exclusions)
231624,1380,565,815,Completers within 150% of normal time
231651,290,100,190,Incoming cohort (minus exclusions)
231651,182,55,127,Completers within 150% of normal time
231712,1223,515,708,Incoming cohort (minus exclusions)
231712,914,378,536,Completers within 150% of normal time
232025,304,167,137,Incoming cohort (minus exclusions)
232025,154,74,80,Completers within 150% of normal time
232043,254,118,136,Incoming cohort (minus exclusions)
232043,140,58,82,Completers within 150% of normal time
232089,423,255,168,Incoming cohort (minus exclusions)
232089,145,73,72,Completers within 150% of normal time
232186,3154,1499,1655,Incoming cohort (minus exclusions)
232186,2212,977,1235,Completers within 150% of normal time
232256,299,298,1,Incoming cohort (minus exclusions)
232256,195,195,0,Completers within 150% of normal time
232265,930,300,630,Incoming cohort (minus exclusions)
232265,534,156,378,Completers within 150% of normal time
232308,196,0,196,Incoming cohort (minus exclusions)
232308,115,0,115,Completers within 150% of normal time
232423,4401,1717,2684,Incoming cohort (minus exclusions)
232423,3598,1322,2276,Completers within 150% of normal time
232557,3398,1541,1857,Incoming cohort (minus exclusions)
232557,2232,944,1288,Completers within 150% of normal time
232566,1008,290,718,Incoming cohort (minus exclusions)
232566,657,177,480,Completers within 150% of normal time
232609,527,226,301,Incoming cohort (minus exclusions)
232609,350,131,219,Completers within 150% of normal time
232672,188,0,188,Incoming cohort (minus exclusions)
232672,90,0,90,Completers within 150% of normal time
232681,951,337,614,Incoming cohort (minus exclusions)
232681,647,213,434,Completers within 150% of normal time
232706,388,142,246,Incoming cohort (minus exclusions)
232706,241,84,157,Completers within 150% of normal time
232937,454,186,268,Incoming cohort (minus exclusions)
232937,169,57,112,Completers within 150% of normal time
232982,2869,1369,1500,Incoming cohort (minus exclusions)
232982,1397,614,783,Completers within 150% of normal time
233277,1959,798,1161,Incoming cohort (minus exclusions)
233277,1056,370,686,Completers within 150% of normal time
233295,404,188,216,Incoming cohort (minus exclusions)
233295,290,133,157,Completers within 150% of normal time
233301,184,53,131,Incoming cohort (minus exclusions)
233301,103,26,77,Completers within 150% of normal time
233374,806,380,426,Incoming cohort (minus exclusions)
233374,719,331,388,Completers within 150% of normal time
233426,507,213,294,Incoming cohort (minus exclusions)
233426,353,139,214,Completers within 150% of normal time
233541,441,187,254,Incoming cohort (minus exclusions)
233541,282,114,168,Completers within 150% of normal time
233602,14,10,4,Incoming cohort (minus exclusions)
233602,7,6,1,Completers within 150% of normal time
233611,201,91,110,Incoming cohort (minus exclusions)
233611,89,32,57,Completers within 150% of normal time
233684,22,16,6,Incoming cohort (minus exclusions)
233684,5,4,1,Completers within 150% of normal time
233718,24,0,24,Incoming cohort (minus exclusions)
233718,10,0,10,Completers within 150% of normal time
233897,290,138,152,Incoming cohort (minus exclusions)
233897,113,49,64,Completers within 150% of normal time
233921,6258,3474,2784,Incoming cohort (minus exclusions)
233921,5424,2926,2498,Completers within 150% of normal time
234030,3975,1514,2461,Incoming cohort (minus exclusions)
234030,2685,922,1763,Completers within 150% of normal time
234076,3670,1671,1999,Incoming cohort (minus exclusions)
234076,3439,1542,1897,Completers within 150% of normal time
234085,433,388,45,Incoming cohort (minus exclusions)
234085,319,284,35,Completers within 150% of normal time
234137,4,3,1,Incoming cohort (minus exclusions)
234137,1,1,0,Completers within 150% of normal time
234155,766,343,423,Incoming cohort (minus exclusions)
234155,366,142,224,Completers within 150% of normal time
234164,455,184,271,Incoming cohort (minus exclusions)
234164,190,68,122,Completers within 150% of normal time
234173,346,130,216,Incoming cohort (minus exclusions)
234173,162,53,109,Completers within 150% of normal time
234207,454,241,213,Incoming cohort (minus exclusions)
234207,425,225,200,Completers within 150% of normal time
234827,1473,730,743,Incoming cohort (minus exclusions)
234827,790,367,423,Completers within 150% of normal time
235024,178,64,114,Incoming cohort (minus exclusions)
235024,91,33,58,Completers within 150% of normal time
235097,1695,702,993,Incoming cohort (minus exclusions)
235097,841,336,505,Completers within 150% of normal time
235167,576,242,334,Incoming cohort (minus exclusions)
235167,249,93,156,Completers within 150% of normal time
235316,1330,630,700,Incoming cohort (minus exclusions)
235316,1132,517,615,Completers within 150% of normal time
235422,102,43,59,Incoming cohort (minus exclusions)
235422,55,22,33,Completers within 150% of normal time
236133,203,73,130,Incoming cohort (minus exclusions)
236133,118,43,75,Completers within 150% of normal time
236230,640,247,393,Incoming cohort (minus exclusions)
236230,444,159,285,Completers within 150% of normal time
236328,652,242,410,Incoming cohort (minus exclusions)
236328,484,169,315,Completers within 150% of normal time
236452,179,77,102,Incoming cohort (minus exclusions)
236452,109,49,60,Completers within 150% of normal time
236577,687,188,499,Incoming cohort (minus exclusions)
236577,453,111,342,Completers within 150% of normal time
236595,992,339,653,Incoming cohort (minus exclusions)
236595,743,241,502,Completers within 150% of normal time
236896,350,183,167,Incoming cohort (minus exclusions)
236896,221,111,110,Completers within 150% of normal time
236939,4625,2145,2480,Incoming cohort (minus exclusions)
236939,2754,1170,1584,Completers within 150% of normal time
236948,6731,3142,3589,Incoming cohort (minus exclusions)
236948,5646,2541,3105,Completers within 150% of normal time
237011,2783,1162,1621,Incoming cohort (minus exclusions)
237011,1884,751,1133,Completers within 150% of normal time
237057,364,150,214,Incoming cohort (minus exclusions)
237057,323,128,195,Completers within 150% of normal time
237066,581,200,381,Incoming cohort (minus exclusions)
237066,438,144,294,Completers within 150% of normal time
237118,333,198,135,Incoming cohort (minus exclusions)
237118,106,48,58,Completers within 150% of normal time
237136,24,8,16,Incoming cohort (minus exclusions)
237136,17,6,11,Completers within 150% of normal time
237181,220,154,66,Incoming cohort (minus exclusions)
237181,95,55,40,Completers within 150% of normal time
237215,143,82,61,Incoming cohort (minus exclusions)
237215,48,29,19,Completers within 150% of normal time
237312,307,135,172,Incoming cohort (minus exclusions)
237312,132,49,83,Completers within 150% of normal time
237330,451,203,248,Incoming cohort (minus exclusions)
237330,189,59,130,Completers within 150% of normal time
237358,167,83,84,Incoming cohort (minus exclusions)
237358,83,31,52,Completers within 150% of normal time
237367,799,366,433,Incoming cohort (minus exclusions)
237367,367,167,200,Completers within 150% of normal time
237385,210,115,95,Incoming cohort (minus exclusions)
237385,96,49,47,Completers within 150% of normal time
237525,1861,777,1084,Incoming cohort (minus exclusions)
237525,980,380,600,Completers within 150% of normal time
237783,155,78,77,Incoming cohort (minus exclusions)
237783,47,23,24,Completers within 150% of normal time
237792,630,288,342,Incoming cohort (minus exclusions)
237792,278,115,163,Completers within 150% of normal time
237899,351,179,172,Incoming cohort (minus exclusions)
237899,104,46,58,Completers within 150% of normal time
237932,407,156,251,Incoming cohort (minus exclusions)
237932,172,100,72,Completers within 150% of normal time
237950,263,171,92,Incoming cohort (minus exclusions)
237950,74,46,28,Completers within 150% of normal time
237969,392,177,215,Incoming cohort (minus exclusions)
237969,213,84,129,Completers within 150% of normal time
238032,4762,2511,2251,Incoming cohort (minus exclusions)
238032,3045,1508,1537,Completers within 150% of normal time
238078,184,104,80,Incoming cohort (minus exclusions)
238078,104,58,46,Completers within 150% of normal time
238193,224,0,224,Incoming cohort (minus exclusions)
238193,107,0,107,Completers within 150% of normal time
238324,29,3,26,Incoming cohort (minus exclusions)
238324,17,2,15,Completers within 150% of normal time
238333,392,194,198,Incoming cohort (minus exclusions)
238333,288,135,153,Completers within 150% of normal time
238430,160,44,116,Incoming cohort (minus exclusions)
238430,86,26,60,Completers within 150% of normal time
238458,755,246,509,Incoming cohort (minus exclusions)
238458,509,166,343,Completers within 150% of normal time
238476,751,370,381,Incoming cohort (minus exclusions)
238476,511,219,292,Completers within 150% of normal time
238616,610,246,364,Incoming cohort (minus exclusions)
238616,369,126,243,Completers within 150% of normal time
238661,298,72,226,Incoming cohort (minus exclusions)
238661,184,40,144,Completers within 150% of normal time
238980,205,130,75,Incoming cohort (minus exclusions)
238980,89,51,38,Completers within 150% of normal time
239017,394,168,226,Incoming cohort (minus exclusions)
239017,317,124,193,Completers within 150% of normal time
239071,161,82,79,Incoming cohort (minus exclusions)
239071,88,41,47,Completers within 150% of normal time
239080,274,100,174,Incoming cohort (minus exclusions)
239080,153,50,103,Completers within 150% of normal time
239105,1872,811,1061,Incoming cohort (minus exclusions)
239105,1523,626,897,Completers within 150% of normal time
239309,177,57,120,Incoming cohort (minus exclusions)
239309,94,32,62,Completers within 150% of normal time
239318,494,366,128,Incoming cohort (minus exclusions)
239318,326,225,101,Completers within 150% of normal time
239390,146,0,146,Incoming cohort (minus exclusions)
239390,74,0,74,Completers within 150% of normal time
239512,127,67,60,Incoming cohort (minus exclusions)
239512,74,34,40,Completers within 150% of normal time
239628,216,120,96,Incoming cohort (minus exclusions)
239628,134,73,61,Completers within 150% of normal time
239716,594,271,323,Incoming cohort (minus exclusions)
239716,465,193,272,Completers within 150% of normal time
240107,279,72,207,Incoming cohort (minus exclusions)
240107,180,40,140,Completers within 150% of normal time
240189,2179,1142,1037,Incoming cohort (minus exclusions)
240189,1383,678,705,Completers within 150% of normal time
240268,2235,803,1432,Incoming cohort (minus exclusions)
240268,1521,511,1010,Completers within 150% of normal time
240277,760,252,508,Incoming cohort (minus exclusions)
240277,415,127,288,Completers within 150% of normal time
240329,2068,829,1239,Incoming cohort (minus exclusions)
240329,1510,583,927,Completers within 150% of normal time
240338,267,123,144,Incoming cohort (minus exclusions)
240338,163,70,93,Completers within 150% of normal time
240365,1553,639,914,Incoming cohort (minus exclusions)
240365,857,308,549,Completers within 150% of normal time
240374,583,259,324,Incoming cohort (minus exclusions)
240374,242,108,134,Completers within 150% of normal time
240392,41,18,23,Incoming cohort (minus exclusions)
240392,11,6,5,Completers within 150% of normal time
240417,1554,844,710,Incoming cohort (minus exclusions)
240417,872,440,432,Completers within 150% of normal time
240426,356,152,204,Incoming cohort (minus exclusions)
240426,153,57,96,Completers within 150% of normal time
240444,6258,3024,3234,Incoming cohort (minus exclusions)
240444,5582,2638,2944,Completers within 150% of normal time
240453,3261,1532,1729,Incoming cohort (minus exclusions)
240453,1544,696,848,Completers within 150% of normal time
240462,1608,1097,511,Incoming cohort (minus exclusions)
240462,948,631,317,Completers within 150% of normal time
240471,1047,390,657,Incoming cohort (minus exclusions)
240471,593,203,390,Completers within 150% of normal time
240480,1762,850,912,Incoming cohort (minus exclusions)
240480,977,435,542,Completers within 150% of normal time
240727,1672,831,841,Incoming cohort (minus exclusions)
240727,1007,441,566,Completers within 150% of normal time
240736,1,0,1,Incoming cohort (minus exclusions)
240736,1,0,1,Completers within 150% of normal time
240754,490,219,271,Incoming cohort (minus exclusions)
240754,202,72,130,Completers within 150% of normal time
240790,43,18,25,Incoming cohort (minus exclusions)
240790,13,4,9,Completers within 150% of normal time
241100,53,30,23,Incoming cohort (minus exclusions)
241100,23,10,13,Completers within 150% of normal time
241128,81,33,48,Incoming cohort (minus exclusions)
241128,32,10,22,Completers within 150% of normal time
241191,215,67,148,Incoming cohort (minus exclusions)
241191,101,21,80,Completers within 150% of normal time
241216,257,185,72,Incoming cohort (minus exclusions)
241216,117,80,37,Completers within 150% of normal time
241225,149,56,93,Incoming cohort (minus exclusions)
241225,53,9,44,Completers within 150% of normal time
241304,20,17,3,Incoming cohort (minus exclusions)
241304,7,5,2,Completers within 150% of normal time
241331,47,11,36,Incoming cohort (minus exclusions)
241331,21,4,17,Completers within 150% of normal time
241377,149,66,83,Incoming cohort (minus exclusions)
241377,32,11,21,Completers within 150% of normal time
241386,32,4,28,Incoming cohort (minus exclusions)
241386,8,0,8,Completers within 150% of normal time
241395,60,21,39,Incoming cohort (minus exclusions)
241395,19,6,13,Completers within 150% of normal time
241410,943,393,550,Incoming cohort (minus exclusions)
241410,404,138,266,Completers within 150% of normal time
241517,33,11,22,Incoming cohort (minus exclusions)
241517,13,3,10,Completers within 150% of normal time
241614,30,17,13,Incoming cohort (minus exclusions)
241614,10,3,7,Completers within 150% of normal time
241720,60,40,20,Incoming cohort (minus exclusions)
241720,14,5,9,Completers within 150% of normal time
241739,1287,473,814,Incoming cohort (minus exclusions)
241739,384,110,274,Completers within 150% of normal time
241766,28,20,8,Incoming cohort (minus exclusions)
241766,15,10,5,Completers within 150% of normal time
241836,1,0,1,Incoming cohort (minus exclusions)
241836,1,0,1,Completers within 150% of normal time
241951,91,27,64,Incoming cohort (minus exclusions)
241951,31,9,22,Completers within 150% of normal time
242121,10,6,4,Incoming cohort (minus exclusions)
242121,7,4,3,Completers within 150% of normal time
242617,701,333,368,Incoming cohort (minus exclusions)
242617,292,118,174,Completers within 150% of normal time
242626,548,268,280,Incoming cohort (minus exclusions)
242626,168,57,111,Completers within 150% of normal time
242635,530,213,317,Incoming cohort (minus exclusions)
242635,194,53,141,Completers within 150% of normal time
242644,275,98,177,Incoming cohort (minus exclusions)
242644,120,28,92,Completers within 150% of normal time
242653,588,254,334,Incoming cohort (minus exclusions)
242653,188,64,124,Completers within 150% of normal time
242662,630,282,348,Incoming cohort (minus exclusions)
242662,213,71,142,Completers within 150% of normal time
242680,322,137,185,Incoming cohort (minus exclusions)
242680,119,42,77,Completers within 150% of normal time
242699,153,55,98,Incoming cohort (minus exclusions)
242699,73,20,53,Completers within 150% of normal time
242705,843,458,385,Incoming cohort (minus exclusions)
242705,270,121,149,Completers within 150% of normal time
242972,23,10,13,Incoming cohort (minus exclusions)
242972,5,2,3,Completers within 150% of normal time
243106,586,259,327,Incoming cohort (minus exclusions)
243106,265,119,146,Completers within 150% of normal time
243115,737,303,434,Incoming cohort (minus exclusions)
243115,351,123,228,Completers within 150% of normal time
243133,1033,503,530,Incoming cohort (minus exclusions)
243133,410,182,228,Completers within 150% of normal time
243142,724,235,489,Incoming cohort (minus exclusions)
243142,362,112,250,Completers within 150% of normal time
243151,826,279,547,Incoming cohort (minus exclusions)
243151,390,118,272,Completers within 150% of normal time
243179,832,300,532,Incoming cohort (minus exclusions)
243179,408,132,276,Completers within 150% of normal time
243188,91,46,45,Incoming cohort (minus exclusions)
243188,11,4,7,Completers within 150% of normal time
243197,2368,1266,1102,Incoming cohort (minus exclusions)
243197,1114,485,629,Completers within 150% of normal time
243212,661,251,410,Incoming cohort (minus exclusions)
243212,302,97,205,Completers within 150% of normal time
243221,2612,969,1643,Incoming cohort (minus exclusions)
243221,1309,418,891,Completers within 150% of normal time
243346,871,353,518,Incoming cohort (minus exclusions)
243346,256,74,182,Completers within 150% of normal time
243443,564,205,359,Incoming cohort (minus exclusions)
243443,230,63,167,Completers within 150% of normal time
243568,14,2,12,Incoming cohort (minus exclusions)
243568,5,2,3,Completers within 150% of normal time
243577,323,267,56,Incoming cohort (minus exclusions)
243577,72,55,17,Completers within 150% of normal time
243586,166,65,101,Incoming cohort (minus exclusions)
243586,59,16,43,Completers within 150% of normal time
243601,1197,515,682,Incoming cohort (minus exclusions)
243601,361,130,231,Completers within 150% of normal time
243665,337,118,219,Incoming cohort (minus exclusions)
243665,109,26,83,Completers within 150% of normal time
243744,1719,867,852,Incoming cohort (minus exclusions)
243744,1642,814,828,Completers within 150% of normal time
243780,6968,4035,2933,Incoming cohort (minus exclusions)
243780,5764,3278,2486,Completers within 150% of normal time
243832,14,8,6,Incoming cohort (minus exclusions)
243832,4,4,0,Completers within 150% of normal time
245652,74,38,36,Incoming cohort (minus exclusions)
245652,53,27,26,Completers within 150% of normal time
245953,125,54,71,Incoming cohort (minus exclusions)
245953,48,22,26,Completers within 150% of normal time
247065,28,4,24,Incoming cohort (minus exclusions)
247065,4,0,4,Completers within 150% of normal time
248934,466,286,180,Incoming cohort (minus exclusions)
248934,158,107,51,Completers within 150% of normal time
251312,25,5,20,Incoming cohort (minus exclusions)
251312,2,0,2,Completers within 150% of normal time
260813,2,1,1,Incoming cohort (minus exclusions)
260813,1,0,1,Completers within 150% of normal time
262129,261,96,165,Incoming cohort (minus exclusions)
262129,173,64,109,Completers within 150% of normal time
363907,38,24,14,Incoming cohort (minus exclusions)
363907,8,6,2,Completers within 150% of normal time
363916,12,5,7,Incoming cohort (minus exclusions)
363916,6,1,5,Completers within 150% of normal time
363934,90,75,15,Incoming cohort (minus exclusions)
363934,30,26,4,Completers within 150% of normal time
366252,365,284,81,Incoming cohort (minus exclusions)
366252,234,177,57,Completers within 150% of normal time
366553,2,0,2,Incoming cohort (minus exclusions)
366553,1,0,1,Completers within 150% of normal time
366711,2123,792,1331,Incoming cohort (minus exclusions)
366711,1256,409,847,Completers within 150% of normal time
367884,46,26,20,Incoming cohort (minus exclusions)
367884,7,2,5,Completers within 150% of normal time
368443,13,2,11,Incoming cohort (minus exclusions)
368443,4,1,3,Completers within 150% of normal time
368452,51,19,32,Incoming cohort (minus exclusions)
368452,42,15,27,Completers within 150% of normal time
369516,7,4,3,Incoming cohort (minus exclusions)
369516,7,4,3,Completers within 150% of normal time
375230,8,8,0,Incoming cohort (minus exclusions)
375230,2,2,0,Completers within 150% of normal time
376224,33,8,25,Incoming cohort (minus exclusions)
376224,14,1,13,Completers within 150% of normal time
376385,6,2,4,Incoming cohort (minus exclusions)
376385,1,1,0,Completers within 150% of normal time
377546,29,7,22,Incoming cohort (minus exclusions)
377546,11,0,11,Completers within 150% of normal time
377555,676,354,322,Incoming cohort (minus exclusions)
377555,448,234,214,Completers within 150% of normal time
377564,448,177,271,Incoming cohort (minus exclusions)
377564,261,103,158,Completers within 150% of normal time
380377,31,11,20,Incoming cohort (minus exclusions)
380377,10,4,6,Completers within 150% of normal time
384254,50,36,14,Incoming cohort (minus exclusions)
384254,36,27,9,Completers within 150% of normal time
384412,20,9,11,Incoming cohort (minus exclusions)
384412,15,6,9,Completers within 150% of normal time
384421,25,25,0,Incoming cohort (minus exclusions)
384421,1,1,0,Completers within 150% of normal time
385619,585,281,304,Incoming cohort (minus exclusions)
385619,339,180,159,Completers within 150% of normal time
386472,3,1,2,Incoming cohort (minus exclusions)
386472,1,0,1,Completers within 150% of normal time
388520,4,4,0,Incoming cohort (minus exclusions)
388520,2,2,0,Completers within 150% of normal time
392257,117,15,102,Incoming cohort (minus exclusions)
392257,31,5,26,Completers within 150% of normal time
399869,124,115,9,Incoming cohort (minus exclusions)
399869,88,83,5,Completers within 150% of normal time
399911,127,41,86,Incoming cohort (minus exclusions)
399911,115,37,78,Completers within 150% of normal time
401223,2,1,1,Incoming cohort (minus exclusions)
401223,2,1,1,Completers within 150% of normal time
404338,8,4,4,Incoming cohort (minus exclusions)
404338,1,1,0,Completers within 150% of normal time
405854,48,48,0,Incoming cohort (minus exclusions)
405854,21,21,0,Completers within 150% of normal time
408844,107,58,49,Incoming cohort (minus exclusions)
408844,52,20,32,Completers within 150% of normal time
409315,48,22,26,Incoming cohort (minus exclusions)
409315,12,4,8,Completers within 150% of normal time
409698,1049,346,703,Incoming cohort (minus exclusions)
409698,631,190,441,Completers within 150% of normal time
412599,20,5,15,Incoming cohort (minus exclusions)
412599,12,3,9,Completers within 150% of normal time
413413,4,3,1,Incoming cohort (minus exclusions)
413413,2,2,0,Completers within 150% of normal time
414595,1,0,1,Incoming cohort (minus exclusions)
414595,1,0,1,Completers within 150% of normal time
417752,13,9,4,Incoming cohort (minus exclusions)
417752,6,3,3,Completers within 150% of normal time
420042,15,5,10,Incoming cohort (minus exclusions)
420042,2,1,1,Completers within 150% of normal time
420325,4,4,0,Incoming cohort (minus exclusions)
420325,1,1,0,Completers within 150% of normal time
421832,47,38,9,Incoming cohort (minus exclusions)
421832,18,15,3,Completers within 150% of normal time
421878,27,0,27,Incoming cohort (minus exclusions)
421878,9,0,9,Completers within 150% of normal time
426314,418,386,32,Incoming cohort (minus exclusions)
426314,85,76,9,Completers within 150% of normal time
430184,9,6,3,Incoming cohort (minus exclusions)
430184,2,1,1,Completers within 150% of normal time
430670,9,4,5,Incoming cohort (minus exclusions)
430670,3,1,2,Completers within 150% of normal time
431983,24,24,0,Incoming cohort (minus exclusions)
431983,16,16,0,Completers within 150% of normal time
433387,305,134,171,Incoming cohort (minus exclusions)
433387,194,71,123,Completers within 150% of normal time
433536,19,8,11,Incoming cohort (minus exclusions)
433536,6,2,4,Completers within 150% of normal time
433660,2583,1133,1450,Incoming cohort (minus exclusions)
433660,1452,572,880,Completers within 150% of normal time
434900,116,24,92,Incoming cohort (minus exclusions)
434900,83,17,66,Completers within 150% of normal time
434937,7,7,0,Incoming cohort (minus exclusions)
434937,2,2,0,Completers within 150% of normal time
436429,851,596,255,Incoming cohort (minus exclusions)
436429,372,270,102,Completers within 150% of normal time
436614,3,3,0,Incoming cohort (minus exclusions)
436614,2,2,0,Completers within 150% of normal time
436818,219,130,89,Incoming cohort (minus exclusions)
436818,143,83,60,Completers within 150% of normal time
436827,257,161,96,Incoming cohort (minus exclusions)
436827,145,85,60,Completers within 150% of normal time
436836,373,215,158,Incoming cohort (minus exclusions)
436836,218,114,104,Completers within 150% of normal time
438498,10,6,4,Incoming cohort (minus exclusions)
438498,10,6,4,Completers within 150% of normal time
438586,20,9,11,Incoming cohort (minus exclusions)
438586,5,1,4,Completers within 150% of normal time
439701,16,9,7,Incoming cohort (minus exclusions)
439701,5,3,2,Completers within 150% of normal time
439862,4,1,3,Incoming cohort (minus exclusions)
439862,2,1,1,Completers within 150% of normal time
440396,33,16,17,Incoming cohort (minus exclusions)
440396,21,9,12,Completers within 150% of normal time
440651,82,31,51,Incoming cohort (minus exclusions)
440651,23,5,18,Completers within 150% of normal time
440794,22,10,12,Incoming cohort (minus exclusions)
440794,9,5,4,Completers within 150% of normal time
440828,8,6,2,Incoming cohort (minus exclusions)
440828,4,3,1,Completers within 150% of normal time
441229,24,6,18,Incoming cohort (minus exclusions)
441229,17,5,12,Completers within 150% of normal time
441900,242,67,175,Incoming cohort (minus exclusions)
441900,69,17,52,Completers within 150% of normal time
441937,871,258,613,Incoming cohort (minus exclusions)
441937,506,134,372,Completers within 150% of normal time
441982,76,38,38,Incoming cohort (minus exclusions)
441982,74,36,38,Completers within 150% of normal time
442569,251,128,123,Incoming cohort (minus exclusions)
442569,65,38,27,Completers within 150% of normal time
442639,7,5,2,Incoming cohort (minus exclusions)
442639,4,4,0,Completers within 150% of normal time
442930,37,15,22,Incoming cohort (minus exclusions)
442930,19,8,11,Completers within 150% of normal time
443049,8,4,4,Incoming cohort (minus exclusions)
443049,2,0,2,Completers within 150% of normal time
443331,6,1,5,Incoming cohort (minus exclusions)
443331,5,1,4,Completers within 150% of normal time
443410,193,139,54,Incoming cohort (minus exclusions)
443410,110,75,35,Completers within 150% of normal time
443562,178,59,119,Incoming cohort (minus exclusions)
443562,121,40,81,Completers within 150% of normal time
443784,1,0,1,Incoming cohort (minus exclusions)
443784,1,0,1,Completers within 150% of normal time
444088,9,5,4,Incoming cohort (minus exclusions)
444088,2,1,1,Completers within 150% of normal time
444255,43,8,35,Incoming cohort (minus exclusions)
444255,36,6,30,Completers within 150% of normal time
444398,17,11,6,Incoming cohort (minus exclusions)
444398,6,3,3,Completers within 150% of normal time
444413,45,45,0,Incoming cohort (minus exclusions)
444413,32,32,0,Completers within 150% of normal time
445027,312,124,188,Incoming cohort (minus exclusions)
445027,29,6,23,Completers within 150% of normal time
445133,30,12,18,Incoming cohort (minus exclusions)
445133,10,2,8,Completers within 150% of normal time
445188,1781,842,939,Incoming cohort (minus exclusions)
445188,1276,578,698,Completers within 150% of normal time
445203,11,5,6,Incoming cohort (minus exclusions)
445203,7,2,5,Completers within 150% of normal time
445692,150,129,21,Incoming cohort (minus exclusions)
445692,81,71,10,Completers within 150% of normal time
445708,519,164,355,Incoming cohort (minus exclusions)
445708,280,77,203,Completers within 150% of normal time
446048,302,147,155,Incoming cohort (minus exclusions)
446048,184,77,107,Completers within 150% of normal time
446233,35,24,11,Incoming cohort (minus exclusions)
446233,6,6,0,Completers within 150% of normal time
446385,17,10,7,Incoming cohort (minus exclusions)
446385,10,6,4,Completers within 150% of normal time
446394,3,2,1,Incoming cohort (minus exclusions)
446394,3,2,1,Completers within 150% of normal time
446561,24,13,11,Incoming cohort (minus exclusions)
446561,23,13,10,Completers within 150% of normal time
446604,319,319,0,Incoming cohort (minus exclusions)
446604,211,211,0,Completers within 150% of normal time
446640,111,51,60,Incoming cohort (minus exclusions)
446640,36,11,25,Completers within 150% of normal time
447263,2,1,1,Incoming cohort (minus exclusions)
447263,2,1,1,Completers within 150% of normal time
447421,16,3,13,Incoming cohort (minus exclusions)
447421,7,1,6,Completers within 150% of normal time
447458,65,58,7,Incoming cohort (minus exclusions)
447458,35,32,3,Completers within 150% of normal time
447689,2077,888,1189,Incoming cohort (minus exclusions)
447689,440,145,295,Completers within 150% of normal time
447953,113,67,46,Incoming cohort (minus exclusions)
447953,27,18,9,Completers within 150% of normal time
448354,37,2,35,Incoming cohort (minus exclusions)
448354,27,0,27,Completers within 150% of normal time
449038,7,6,1,Incoming cohort (minus exclusions)
449038,1,1,0,Completers within 150% of normal time
449135,66,16,50,Incoming cohort (minus exclusions)
449135,48,13,35,Completers within 150% of normal time
449339,475,303,172,Incoming cohort (minus exclusions)
449339,225,154,71,Completers within 150% of normal time
449658,28,28,0,Incoming cohort (minus exclusions)
449658,11,11,0,Completers within 150% of normal time
449764,14,9,5,Incoming cohort (minus exclusions)
449764,2,2,0,Completers within 150% of normal time
449870,6,2,4,Incoming cohort (minus exclusions)
449870,3,1,2,Completers within 150% of normal time
449898,10,4,6,Incoming cohort (minus exclusions)
449898,3,2,1,Completers within 150% of normal time
450933,453,256,197,Incoming cohort (minus exclusions)
450933,134,84,50,Completers within 150% of normal time
451103,7,1,6,Incoming cohort (minus exclusions)
451103,5,0,5,Completers within 150% of normal time
451370,9,9,0,Incoming cohort (minus exclusions)
451370,1,1,0,Completers within 150% of normal time
451398,61,61,0,Incoming cohort (minus exclusions)
451398,8,8,0,Completers within 150% of normal time
451404,79,79,0,Incoming cohort (minus exclusions)
451404,24,24,0,Completers within 150% of normal time
451556,170,60,110,Incoming cohort (minus exclusions)
451556,104,42,62,Completers within 150% of normal time
451741,7,2,5,Incoming cohort (minus exclusions)
451741,3,0,3,Completers within 150% of normal time
451820,79,46,33,Incoming cohort (minus exclusions)
451820,21,14,7,Completers within 150% of normal time
451866,15,4,11,Incoming cohort (minus exclusions)
451866,8,2,6,Completers within 150% of normal time
451927,69,41,28,Incoming cohort (minus exclusions)
451927,49,25,24,Completers within 150% of normal time
454184,149,48,101,Incoming cohort (minus exclusions)
454184,86,25,61,Completers within 150% of normal time
454227,15,2,13,Incoming cohort (minus exclusions)
454227,11,2,9,Completers within 150% of normal time
454236,18,0,18,Incoming cohort (minus exclusions)
454236,9,0,9,Completers within 150% of normal time
454245,3,0,3,Incoming cohort (minus exclusions)
454245,2,0,2,Completers within 150% of normal time
455257,87,87,0,Incoming cohort (minus exclusions)
455257,41,41,0,Completers within 150% of normal time
455770,60,22,38,Incoming cohort (minus exclusions)
455770,25,13,12,Completers within 150% of normal time
456490,2,1,1,Incoming cohort (minus exclusions)
456490,1,1,0,Completers within 150% of normal time
456959,88,23,65,Incoming cohort (minus exclusions)
456959,41,10,31,Completers within 150% of normal time
457226,1,1,0,Incoming cohort (minus exclusions)
457226,1,1,0,Completers within 150% of normal time
457299,4,2,2,Incoming cohort (minus exclusions)
457299,2,2,0,Completers within 150% of normal time
457484,7,3,4,Incoming cohort (minus exclusions)
457484,4,2,2,Completers within 150% of normal time
457688,7,6,1,Incoming cohort (minus exclusions)
457688,6,5,1,Completers within 150% of normal time
458210,18,6,12,Incoming cohort (minus exclusions)
458210,9,5,4,Completers within 150% of normal time
458229,10,3,7,Incoming cohort (minus exclusions)
458229,5,1,4,Completers within 150% of normal time
458496,30,16,14,Incoming cohort (minus exclusions)
458496,11,5,6,Completers within 150% of normal time
458919,11,6,5,Incoming cohort (minus exclusions)
458919,1,1,0,Completers within 150% of normal time
458964,3,0,3,Incoming cohort (minus exclusions)
458964,1,0,1,Completers within 150% of normal time
458973,6,4,2,Incoming cohort (minus exclusions)
458973,1,1,0,Completers within 150% of normal time
458982,91,47,44,Incoming cohort (minus exclusions)
458982,23,9,14,Completers within 150% of normal time
459259,14,0,14,Incoming cohort (minus exclusions)
459259,1,0,1,Completers within 150% of normal time
459417,37,23,14,Incoming cohort (minus exclusions)
459417,29,16,13,Completers within 150% of normal time
459727,12,2,10,Incoming cohort (minus exclusions)
459727,7,2,5,Completers within 150% of normal time
459842,9,2,7,Incoming cohort (minus exclusions)
459842,4,0,4,Completers within 150% of normal time
459851,5,3,2,Incoming cohort (minus exclusions)
459851,2,1,1,Completers within 150% of normal time
459994,10,7,3,Incoming cohort (minus exclusions)
459994,3,1,2,Completers within 150% of normal time
460376,6,3,3,Incoming cohort (minus exclusions)
460376,2,1,1,Completers within 150% of normal time
460871,4,1,3,Incoming cohort (minus exclusions)
460871,1,1,0,Completers within 150% of normal time
461023,22,4,18,Incoming cohort (minus exclusions)
461023,2,0,2,Completers within 150% of normal time
461032,1,0,1,Incoming cohort (minus exclusions)
461032,1,0,1,Completers within 150% of normal time
461148,180,104,76,Incoming cohort (minus exclusions)
461148,105,56,49,Completers within 150% of normal time
461528,2,2,0,Incoming cohort (minus exclusions)
461528,1,1,0,Completers within 150% of normal time
461759,7,6,1,Incoming cohort (minus exclusions)
461759,5,5,0,Completers within 150% of normal time
461795,119,79,40,Incoming cohort (minus exclusions)
461795,35,20,15,Completers within 150% of normal time
462354,63,33,30,Incoming cohort (minus exclusions)
462354,39,19,20,Completers within 150% of normal time
463056,431,210,221,Incoming cohort (minus exclusions)
463056,281,122,159,Completers within 150% of normal time
466921,4,2,2,Incoming cohort (minus exclusions)
466921,3,2,1,Completers within 150% of normal time
469416,151,34,117,Incoming cohort (minus exclusions)
469416,102,23,79,Completers within 150% of normal time
474863,11,3,8,Incoming cohort (minus exclusions)
474863,5,2,3,Completers within 150% of normal time
475121,945,312,633,Incoming cohort (minus exclusions)
475121,39,8,31,Completers within 150% of normal time
475608,7,5,2,Incoming cohort (minus exclusions)
475608,4,3,1,Completers within 150% of normal time
475732,5,0,5,Incoming cohort (minus exclusions)
475732,2,0,2,Completers within 150% of normal time
476601,22,22,0,Incoming cohort (minus exclusions)
476601,12,12,0,Completers within 150% of normal time
476717,151,151,0,Incoming cohort (minus exclusions)
476717,86,86,0,Completers within 150% of normal time
480073,15,3,12,Incoming cohort (minus exclusions)
480073,3,0,3,Completers within 150% of normal time
480198,1,1,0,Incoming cohort (minus exclusions)
480198,1,1,0,Completers within 150% of normal time
480781,18,17,1,Incoming cohort (minus exclusions)
480781,10,10,0,Completers within 150% of normal time
481058,9,2,7,Incoming cohort (minus exclusions)
481058,5,1,4,Completers within 150% of normal time
481225,1,0,1,Incoming cohort (minus exclusions)
481225,1,0,1,Completers within 150% of normal time
481410,18,18,0,Incoming cohort (minus exclusions)
481410,7,7,0,Completers within 150% of normal time
481438,17,17,0,Incoming cohort (minus exclusions)
481438,3,3,0,Completers within 150% of normal time
481720,11,6,5,Incoming cohort (minus exclusions)
481720,2,1,1,Completers within 150% of normal time
482149,779,274,505,Incoming cohort (minus exclusions)
482149,391,115,276,Completers within 150% of normal time
482158,679,292,387,Incoming cohort (minus exclusions)
482158,188,82,106,Completers within 150% of normal time
482228,6,4,2,Incoming cohort (minus exclusions)
482228,3,1,2,Completers within 150% of normal time
482413,31,16,15,Incoming cohort (minus exclusions)
482413,10,5,5,Completers within 150% of normal time
482422,43,29,14,Incoming cohort (minus exclusions)
482422,14,7,7,Completers within 150% of normal time
482431,112,62,50,Incoming cohort (minus exclusions)
482431,10,4,6,Completers within 150% of normal time
482440,4,3,1,Incoming cohort (minus exclusions)
482440,3,2,1,Completers within 150% of normal time
482459,14,7,7,Incoming cohort (minus exclusions)
482459,3,2,1,Completers within 150% of normal time
482468,28,11,17,Incoming cohort (minus exclusions)
482468,3,1,2,Completers within 150% of normal time
482477,145,90,55,Incoming cohort (minus exclusions)
482477,46,29,17,Completers within 150% of normal time
482538,3,3,0,Incoming cohort (minus exclusions)
482538,2,2,0,Completers within 150% of normal time
482556,50,38,12,Incoming cohort (minus exclusions)
482556,7,6,1,Completers within 150% of normal time
482574,35,25,10,Incoming cohort (minus exclusions)
482574,6,4,2,Completers within 150% of normal time
482608,10,7,3,Incoming cohort (minus exclusions)
482608,4,4,0,Completers within 150% of normal time
482617,5,2,3,Incoming cohort (minus exclusions)
482617,1,1,0,Completers within 150% of normal time
482635,8,7,1,Incoming cohort (minus exclusions)
482635,2,1,1,Completers within 150% of normal time
482680,1667,708,959,Incoming cohort (minus exclusions)
482680,802,297,505,Completers within 150% of normal time
482936,392,336,56,Incoming cohort (minus exclusions)
482936,218,185,33,Completers within 150% of normal time
483018,56,14,42,Incoming cohort (minus exclusions)
483018,18,6,12,Completers within 150% of normal time
483124,199,63,136,Incoming cohort (minus exclusions)
483124,52,16,36,Completers within 150% of normal time
483780,18,9,9,Incoming cohort (minus exclusions)
483780,10,6,4,Completers within 150% of normal time
484473,34,13,21,Incoming cohort (minus exclusions)
484473,15,3,12,Completers within 150% of normal time
484613,4632,1408,3224,Incoming cohort (minus exclusions)
484613,411,113,298,Completers within 150% of normal time
484631,80,35,45,Incoming cohort (minus exclusions)
484631,15,7,8,Completers within 150% of normal time
484710,12,2,10,Incoming cohort (minus exclusions)
484710,2,0,2,Completers within 150% of normal time
484756,33,17,16,Incoming cohort (minus exclusions)
484756,6,1,5,Completers within 150% of normal time
484835,26,9,17,Incoming cohort (minus exclusions)
484835,15,3,12,Completers within 150% of normal time
484844,88,48,40,Incoming cohort (minus exclusions)
484844,71,36,35,Completers within 150% of normal time
484871,27,27,0,Incoming cohort (minus exclusions)
484871,13,13,0,Completers within 150% of normal time
484905,214,68,146,Incoming cohort (minus exclusions)
484905,79,17,62,Completers within 150% of normal time
485546,3,2,1,Incoming cohort (minus exclusions)
485546,3,2,1,Completers within 150% of normal time
485698,24,21,3,Incoming cohort (minus exclusions)
485698,11,9,2,Completers within 150% of normal time
485768,68,40,28,Incoming cohort (minus exclusions)
485768,53,29,24,Completers within 150% of normal time
485999,22,22,0,Incoming cohort (minus exclusions)
485999,5,5,0,Completers within 150% of normal time
486026,28,28,0,Incoming cohort (minus exclusions)
486026,5,5,0,Completers within 150% of normal time
486053,23,11,12,Incoming cohort (minus exclusions)
486053,20,10,10,Completers within 150% of normal time
486239,17,3,14,Incoming cohort (minus exclusions)
486239,17,3,14,Completers within 150% of normal time
486284,43,6,37,Incoming cohort (minus exclusions)
486284,37,4,33,Completers within 150% of normal time
486354,2,2,0,Incoming cohort (minus exclusions)
486354,2,2,0,Completers within 150% of normal time
486488,1,1,0,Incoming cohort (minus exclusions)
486488,1,1,0,Completers within 150% of normal time
486840,4879,2497,2382,Incoming cohort (minus exclusions)
486840,2370,1108,1262,Completers within 150% of normal time
486901,187,81,106,Incoming cohort (minus exclusions)
486901,131,47,84,Completers within 150% of normal time
486956,1,0,1,Incoming cohort (minus exclusions)
486956,1,0,1,Completers within 150% of normal time
486965,43,18,25,Incoming cohort (minus exclusions)
486965,21,6,15,Completers within 150% of normal time
487524,515,252,263,Incoming cohort (minus exclusions)
487524,280,115,165,Completers within 150% of normal time
487603,20,12,8,Incoming cohort (minus exclusions)
487603,8,5,3,Completers within 150% of normal time
487746,5,5,0,Incoming cohort (minus exclusions)
487746,3,3,0,Completers within 150% of normal time
488101,28,28,0,Incoming cohort (minus exclusions)
488101,13,13,0,Completers within 150% of normal time
488350,17,17,0,Incoming cohort (minus exclusions)
488350,9,9,0,Completers within 150% of normal time
488846,213,146,67,Incoming cohort (minus exclusions)
488846,58,36,22,Completers within 150% of normal time
489779,30,7,23,Incoming cohort (minus exclusions)
489779,9,2,7,Completers within 150% of normal time
489937,26,13,13,Incoming cohort (minus exclusions)
489937,13,8,5,Completers within 150% of normal time
490045,2,1,1,Incoming cohort (minus exclusions)
490045,2,1,1,Completers within 150% of normal time
490133,73,52,21,Incoming cohort (minus exclusions)
490133,49,32,17,Completers within 150% of normal time
490276,46,46,0,Incoming cohort (minus exclusions)
490276,8,8,0,Completers within 150% of normal time
490319,24,24,0,Incoming cohort (minus exclusions)
490319,1,1,0,Completers within 150% of normal time
490513,16,16,0,Incoming cohort (minus exclusions)
490513,10,10,0,Completers within 150% of normal time
490805,1510,747,763,Incoming cohort (minus exclusions)
490805,608,298,310,Completers within 150% of normal time
491057,14,14,0,Incoming cohort (minus exclusions)
491057,1,1,0,Completers within 150% of normal time
491525,8,6,2,Incoming cohort (minus exclusions)
491525,4,3,1,Completers within 150% of normal time
491622,21,21,0,Incoming cohort (minus exclusions)
491622,16,16,0,Completers within 150% of normal time
491631,4,0,4,Incoming cohort (minus exclusions)
491631,2,0,2,Completers within 150% of normal time
491640,22,22,0,Incoming cohort (minus exclusions)
491640,15,15,0,Completers within 150% of normal time
491710,13,13,0,Incoming cohort (minus exclusions)
491710,1,1,0,Completers within 150% of normal time
491765,26,26,0,Incoming cohort (minus exclusions)
491765,1,1,0,Completers within 150% of normal time
491914,16,16,0,Incoming cohort (minus exclusions)
491914,15,15,0,Completers within 150% of normal time
492801,31,8,23,Incoming cohort (minus exclusions)
492801,11,3,8,Completers within 150% of normal time
492962,131,30,101,Incoming cohort (minus exclusions)
492962,13,4,9,Completers within 150% of normal time
493594,8,8,0,Incoming cohort (minus exclusions)
493594,8,8,0,Completers within 150% of normal time
493664,3,3,0,Incoming cohort (minus exclusions)
493664,2,2,0,Completers within 150% of normal time
493707,22,22,0,Incoming cohort (minus exclusions)
493707,17,17,0,Completers within 150% of normal time
493716,17,17,0,Incoming cohort (minus exclusions)
493716,15,15,0,Completers within 150% of normal time
494597,63,34,29,Incoming cohort (minus exclusions)
494597,56,30,26,Completers within 150% of normal time
494603,96,59,37,Incoming cohort (minus exclusions)
494603,28,14,14,Completers within 150% of normal time
494630,4,1,3,Incoming cohort (minus exclusions)
494630,2,0,2,Completers within 150% of normal time
494685,16,7,9,Incoming cohort (minus exclusions)
494685,5,1,4,Completers within 150% of normal time
495280,2,2,0,Incoming cohort (minus exclusions)
495280,2,2,0,Completers within 150% of normal time
495767,15327,8333,6994,Incoming cohort (minus exclusions)
495767,11142,5834,5308,Completers within 150% of normal time
496627,2,2,0,Incoming cohort (minus exclusions)
496627,2,2,0,Completers within 150% of normal time
496636,114,33,81,Incoming cohort (minus exclusions)
496636,75,28,47,Completers within 150% of normal time
